EUR=X,JPY=X,CHFUSD,GLD
0.277081,0.123008,0.128717,0.471194
0.302562,0.113695,0.134266,0.449477
0.30715,0.110108,0.135043,0.447699
0.306977,0.110537,0.133093,0.449393
0.293542,0.114603,0.128275,0.46358
0.279408,0.124074,0.123892,0.472626
0.280657,0.129316,0.122257,0.46777
0.268607,0.140557,0.131945,0.458891
0.266128,0.136546,0.128889,0.468438
0.269633,0.135085,0.129254,0.466028
0.269984,0.123816,0.126738,0.479463
0.279235,0.117767,0.124029,0.478969
0.282,0.118877,0.115836,0.483288
0.274826,0.117211,0.111091,0.496872
0.259369,0.115947,0.112427,0.512256
0.23987,0.108536,0.103655,0.547939
0.234371,0.109786,0.102677,0.553165
0.25448,0.109162,0.105881,0.530477
0.249879,0.107305,0.108279,0.534537
0.256904,0.110235,0.112473,0.520389
0.259848,0.116227,0.11354,0.510385
0.261026,0.120754,0.117834,0.500386
0.26132,0.125164,0.115934,0.497582
0.250325,0.127189,0.112637,0.509849
0.258823,0.121096,0.11209,0.507991
0.261076,0.117423,0.114604,0.506897
0.263995,0.115028,0.113776,0.507202
0.280045,0.116033,0.119808,0.484113
0.283357,0.114597,0.113902,0.488144
0.278597,0.12255,0.118511,0.480342
0.265403,0.13629,0.126431,0.471876
0.268235,0.133911,0.127151,0.470702
0.285154,0.141217,0.12951,0.444119
0.293107,0.137473,0.131042,0.438378
0.305621,0.134365,0.128619,0.431395
0.326274,0.133778,0.126366,0.413581
0.331595,0.134973,0.123801,0.409631
0.328316,0.14067,0.122438,0.408576
0.322394,0.147521,0.126757,0.403329
0.326988,0.14324,0.124194,0.405578
0.338076,0.142234,0.121372,0.398318
0.336343,0.13913,0.129819,0.394708
0.33106,0.138338,0.131375,0.399228
0.339998,0.140306,0.131355,0.388342
0.335809,0.145749,0.122082,0.39636
0.335347,0.159394,0.122987,0.382272
0.320395,0.159521,0.118206,0.401878
0.316528,0.153541,0.119069,0.410862
0.310041,0.154401,0.124074,0.411485
0.317318,0.141648,0.123127,0.417907
0.344877,0.132354,0.117188,0.40558
0.341145,0.132992,0.114563,0.411301
0.332169,0.134674,0.113892,0.419265
0.327473,0.140687,0.11443,0.41741
0.31635,0.144552,0.121712,0.417386
0.303968,0.143466,0.1327,0.419866
0.317532,0.134675,0.129522,0.418271
0.329516,0.132632,0.131038,0.406814
0.325341,0.138924,0.134254,0.401481
0.318115,0.150033,0.13827,0.393581
0.313268,0.157789,0.142914,0.386029
0.287188,0.161357,0.144845,0.40661
0.286795,0.16365,0.150189,0.399366
0.300022,0.171771,0.152041,0.376167
0.308144,0.161932,0.151733,0.378191
0.316771,0.152525,0.147691,0.383013
0.326611,0.144002,0.141122,0.388265
0.319291,0.150322,0.140838,0.389549
0.315507,0.150329,0.14461,0.389555
0.314702,0.153569,0.141317,0.390412
0.315391,0.153394,0.135818,0.395396
0.328294,0.144144,0.143144,0.384418
0.329723,0.143044,0.140465,0.386767
0.335038,0.145506,0.142964,0.376492
0.332146,0.144279,0.138859,0.384716
0.342309,0.143814,0.135978,0.377899
0.33622,0.149697,0.134091,0.379992
0.331034,0.149381,0.13329,0.386294
0.343961,0.147355,0.135056,0.373627
0.323806,0.14821,0.137365,0.390619
0.331484,0.135544,0.13765,0.395322
0.322151,0.13639,0.133805,0.407654
0.33497,0.12692,0.126191,0.411919
0.309112,0.134685,0.128481,0.427722
0.295025,0.138817,0.126024,0.440134
0.300003,0.141162,0.132081,0.426754
0.319329,0.139566,0.126596,0.414509
0.30094,0.133805,0.133976,0.43128
0.317508,0.126082,0.134551,0.421859
0.321657,0.118831,0.124198,0.435314
0.31574,0.122743,0.126967,0.434549
0.327195,0.113387,0.121022,0.438396
0.312178,0.126538,0.119874,0.441411
0.324693,0.119234,0.12042,0.435653
0.315165,0.122331,0.124792,0.437712
0.315984,0.122634,0.130079,0.431303
0.317721,0.116375,0.133036,0.432869
0.320339,0.114199,0.131952,0.433509
0.318622,0.109719,0.131964,0.439695
0.315974,0.107143,0.126608,0.450275
0.319655,0.112078,0.123493,0.444774
0.301861,0.120163,0.129141,0.448835
0.316153,0.124668,0.132294,0.426885
0.336775,0.118655,0.136506,0.408064
0.340225,0.108264,0.138058,0.413453
0.347615,0.106917,0.135472,0.409996
0.34476,0.105432,0.133622,0.416186
0.359718,0.104475,0.128523,0.407284
0.352587,0.111435,0.130343,0.405635
0.333996,0.124283,0.136037,0.405684
0.333085,0.119246,0.143872,0.403797
0.351407,0.112377,0.143119,0.393097
0.350108,0.110274,0.141679,0.397938
0.343789,0.112527,0.140199,0.403485
0.317096,0.11869,0.13349,0.430724
0.312619,0.122841,0.136281,0.428258
0.299454,0.126852,0.136405,0.437289
0.305258,0.132142,0.132824,0.429776
0.306437,0.12805,0.134925,0.430588
0.319997,0.123621,0.140828,0.415553
0.317714,0.122101,0.140668,0.419518
0.317384,0.120809,0.128649,0.433157
0.312815,0.110796,0.123963,0.452426
0.327918,0.116396,0.12874,0.426946
0.335871,0.117796,0.128712,0.417621
0.335,0.12095,0.132163,0.411887
0.338508,0.11945,0.138574,0.403468
0.341308,0.113071,0.133236,0.412385
0.336421,0.110422,0.132565,0.420591
0.327348,0.10981,0.132407,0.430435
0.328906,0.112627,0.131688,0.426779
0.329141,0.115302,0.13041,0.425147
0.317055,0.117483,0.122497,0.442966
0.311272,0.112073,0.129191,0.447464
0.310727,0.1129,0.133934,0.44244
0.298551,0.112163,0.135372,0.453914
0.323002,0.109597,0.135596,0.431805
0.304071,0.102436,0.133746,0.459748
0.29921,0.112881,0.141047,0.446862
0.304816,0.123472,0.137199,0.434513
0.306627,0.123324,0.135365,0.434684
0.311486,0.12697,0.143036,0.418509
0.330148,0.123976,0.143646,0.40223
0.330099,0.120153,0.141644,0.408104
0.329606,0.119481,0.141139,0.409774
0.327901,0.114806,0.139044,0.418249
0.318011,0.120728,0.138819,0.422442
0.325522,0.122538,0.139153,0.412787
0.334403,0.116763,0.142572,0.406262
0.338343,0.119381,0.147124,0.395152
0.312536,0.127051,0.148174,0.412239
0.31944,0.123637,0.151806,0.405116
0.318679,0.122531,0.149549,0.409241
0.316121,0.129534,0.151571,0.402775
0.318796,0.134031,0.15619,0.390983
0.319876,0.134835,0.148465,0.396823
0.3166,0.137524,0.142524,0.403352
0.321205,0.141699,0.145811,0.391285
0.326845,0.133802,0.147859,0.391494
0.338208,0.126543,0.147346,0.387903
0.345688,0.119157,0.140898,0.394256
0.341549,0.12745,0.139366,0.391634
0.342486,0.123134,0.13903,0.39535
0.346507,0.128672,0.140788,0.384033
0.351437,0.130293,0.140411,0.377859
0.35014,0.134771,0.141018,0.374072
0.351667,0.130307,0.139567,0.37846
0.354234,0.123469,0.136766,0.385531
0.361245,0.124131,0.129503,0.385121
0.352863,0.131218,0.130715,0.385204
0.345248,0.132123,0.131147,0.391482
0.350675,0.127349,0.133844,0.388133
0.35451,0.123889,0.129425,0.392175
0.377101,0.115755,0.121134,0.386009
0.376708,0.115218,0.125909,0.382165
0.378641,0.111735,0.12685,0.382773
0.373864,0.114922,0.129853,0.381361
0.36364,0.116325,0.131625,0.38841
0.351181,0.116716,0.132059,0.400044
0.346529,0.12774,0.136004,0.389727
0.345407,0.129985,0.138426,0.386182
0.35238,0.12346,0.141506,0.382654
0.337626,0.124248,0.143257,0.394869
0.330544,0.13033,0.139916,0.39921
0.335363,0.130011,0.142376,0.39225
0.338479,0.124489,0.135768,0.401263
0.346851,0.125939,0.136408,0.390802
0.35292,0.12176,0.1332,0.39212
0.349686,0.123543,0.140863,0.385909
0.359476,0.120651,0.137501,0.382372
0.359564,0.117545,0.134865,0.388026
0.3601,0.120479,0.138,0.381421
0.355527,0.122251,0.138117,0.384105
0.359482,0.119861,0.134139,0.386518
0.358175,0.12282,0.136422,0.382583
0.354137,0.119644,0.135995,0.390224
0.363177,0.117665,0.138725,0.380433
0.367245,0.117549,0.144217,0.370989
0.358861,0.12479,0.146231,0.370118
0.357117,0.126666,0.147465,0.368752
0.357188,0.123274,0.147156,0.372382
0.356627,0.128784,0.148162,0.366427
0.366136,0.130429,0.152999,0.350436
0.359983,0.129001,0.15433,0.356686
0.354392,0.131067,0.15669,0.35785
0.352193,0.129073,0.157509,0.361224
0.348178,0.128315,0.158722,0.364785
0.350312,0.136433,0.150033,0.363222
0.348325,0.127867,0.151437,0.37237
0.351229,0.12625,0.147242,0.375279
0.360802,0.122701,0.145045,0.371451
0.352308,0.1275,0.154264,0.365928
0.347832,0.139147,0.151869,0.361152
0.35803,0.139182,0.147756,0.355032
0.341328,0.146351,0.1555,0.356822
0.340642,0.161246,0.154553,0.343558
0.347602,0.15217,0.15729,0.342939
0.335718,0.176472,0.166006,0.321803
0.327285,0.16967,0.160654,0.342391
0.325467,0.169624,0.159309,0.345599
0.323854,0.16941,0.161863,0.344873
0.332907,0.16559,0.162473,0.33903
0.325443,0.158177,0.155568,0.360812
0.313948,0.163473,0.154504,0.368076
0.313574,0.157114,0.151762,0.37755
0.306595,0.157232,0.151197,0.384975
0.304979,0.162555,0.15637,0.376096
0.304942,0.170176,0.160148,0.364734
0.316005,0.15011,0.157388,0.376498
0.322457,0.158812,0.158985,0.359746
0.318951,0.147186,0.159129,0.374734
0.304136,0.155727,0.170158,0.369979
0.300864,0.153974,0.168396,0.376766
0.313973,0.155006,0.164214,0.366807
0.330773,0.148995,0.16492,0.355312
0.331135,0.148786,0.164994,0.355085
0.3335,0.143706,0.165857,0.356937
0.343573,0.137052,0.165041,0.354335
0.348783,0.137322,0.158895,0.355
0.353367,0.132025,0.160303,0.354305
0.355093,0.136758,0.159928,0.34822
0.356235,0.137936,0.156444,0.349384
0.35052,0.131916,0.160034,0.357529
0.356798,0.131472,0.162996,0.348734
0.33961,0.138953,0.166485,0.354952
0.33394,0.139216,0.166334,0.36051
0.335473,0.139779,0.165919,0.358829
0.335745,0.138878,0.167962,0.357415
0.330397,0.150211,0.178772,0.34062
0.329982,0.145621,0.176419,0.347978
0.343258,0.142851,0.167159,0.346732
0.356319,0.13654,0.163922,0.343218
0.372664,0.139894,0.161065,0.326378
0.379283,0.139096,0.157339,0.324282
0.38488,0.128562,0.154785,0.331773
0.391218,0.129722,0.152616,0.326443
0.359911,0.123319,0.159362,0.357409
0.357529,0.121307,0.158057,0.363107
0.374124,0.11905,0.151965,0.354862
0.362963,0.115075,0.153739,0.368223
0.367653,0.109614,0.154356,0.368377
0.378966,0.111993,0.149402,0.359639
0.387445,0.114463,0.148692,0.349401
0.383569,0.109241,0.148077,0.359114
0.380917,0.120221,0.155358,0.343503
0.379424,0.119355,0.154799,0.346422
0.370205,0.118954,0.156896,0.353945
0.35725,0.116451,0.154654,0.371644
0.349667,0.116559,0.154341,0.379433
0.349442,0.123877,0.152363,0.374318
0.338415,0.120804,0.14845,0.392331
0.334124,0.12652,0.153978,0.385378
0.335534,0.131364,0.147808,0.385294
0.325464,0.136131,0.147348,0.391058
0.337552,0.127622,0.144996,0.38983
0.335828,0.133138,0.146319,0.384715
0.328892,0.128959,0.144826,0.397322
0.329362,0.132158,0.15182,0.38666
0.335863,0.130311,0.152611,0.381215
0.324541,0.136112,0.152918,0.386428
0.318418,0.141009,0.156199,0.384375
0.324183,0.136502,0.156646,0.382669
0.330011,0.136117,0.156079,0.377794
0.323873,0.138589,0.154336,0.383202
0.324335,0.139479,0.152776,0.383409
0.324149,0.136487,0.155764,0.3836
0.31586,0.131661,0.154395,0.398085
0.316576,0.14091,0.155323,0.387191
0.31972,0.147673,0.15919,0.373416
0.330824,0.143285,0.158846,0.367044
0.340725,0.138556,0.153013,0.367705
0.340124,0.142173,0.155574,0.362129
0.336245,0.151906,0.15967,0.352179
0.348022,0.151071,0.152977,0.34793
0.337305,0.145397,0.160592,0.356706
0.328818,0.144607,0.162291,0.364283
0.325876,0.146566,0.169393,0.358165
0.315518,0.157497,0.174169,0.352816
0.315799,0.158266,0.164418,0.361517
0.325001,0.150419,0.163721,0.360859
0.329838,0.144238,0.157843,0.368081
0.339218,0.145882,0.153573,0.361327
0.326265,0.14669,0.153267,0.373778
0.3447,0.136324,0.161385,0.357591
0.348402,0.133884,0.154797,0.362917
0.346045,0.13191,0.154389,0.367656
0.356326,0.130423,0.157901,0.355349
0.346642,0.125894,0.15123,0.376234
0.32831,0.122689,0.150374,0.398627
0.320424,0.134179,0.153525,0.391871
0.307921,0.130878,0.153661,0.40754
0.311695,0.133915,0.157682,0.396707
0.301159,0.134451,0.16561,0.39878
0.29631,0.135528,0.165921,0.402241
0.306206,0.135316,0.170272,0.388205
0.316474,0.129205,0.166235,0.388086
0.314203,0.130576,0.161461,0.393759
0.306088,0.127718,0.15826,0.407934
0.299123,0.134626,0.169271,0.39698
0.308139,0.133608,0.164331,0.393922
0.295466,0.12696,0.159559,0.418015
0.2869,0.132379,0.165678,0.415044
0.284256,0.141679,0.175433,0.398632
0.286892,0.139051,0.171667,0.402389
0.284783,0.147672,0.176012,0.391533
0.283672,0.139041,0.167646,0.409641
0.296771,0.13988,0.1609,0.402449
0.301029,0.148189,0.161198,0.389584
0.300014,0.145059,0.169402,0.385525
0.303755,0.143636,0.167787,0.384822
0.303015,0.138262,0.169011,0.389713
0.303271,0.136645,0.171209,0.388875
0.330666,0.138283,0.1739,0.357151
0.312265,0.137258,0.171548,0.378929
0.319872,0.143018,0.173005,0.364106
0.315885,0.149608,0.168536,0.365971
0.30993,0.156887,0.172383,0.360799
0.305358,0.156929,0.169364,0.368349
0.312361,0.155245,0.161356,0.371038
0.317764,0.154199,0.16018,0.367857
0.318338,0.156053,0.15796,0.367648
0.303163,0.167541,0.158437,0.37086
0.310942,0.170841,0.157454,0.360763
0.32324,0.161088,0.159672,0.356
0.32062,0.157226,0.155752,0.366402
0.324807,0.155387,0.155741,0.364064
0.340526,0.154002,0.155273,0.350199
0.338805,0.144166,0.14811,0.368919
0.329252,0.148602,0.14589,0.376256
0.326115,0.158479,0.155256,0.36015
0.320722,0.153016,0.151043,0.375219
0.332498,0.153038,0.155342,0.359122
0.327844,0.151951,0.159326,0.360878
0.325849,0.15812,0.161797,0.354234
0.326529,0.165812,0.157534,0.350125
0.325508,0.162954,0.160598,0.35094
0.321019,0.166682,0.159344,0.352955
0.316575,0.16454,0.158695,0.36019
0.319701,0.162272,0.162766,0.355261
0.318434,0.157936,0.161013,0.362617
0.308679,0.160341,0.161566,0.369413
0.301942,0.164164,0.157741,0.376154
0.295321,0.16281,0.16368,0.378189
0.294267,0.164878,0.16526,0.375595
0.304521,0.164631,0.175643,0.355205
0.294714,0.158144,0.175369,0.371773
0.294596,0.172664,0.178134,0.354606
0.29689,0.174713,0.176076,0.35232
0.297252,0.172743,0.179704,0.350301
0.303597,0.154266,0.183759,0.358379
0.3051,0.15784,0.176108,0.360951
0.316953,0.159338,0.162978,0.360732
0.322471,0.159583,0.168984,0.348961
0.30263,0.16114,0.167033,0.369197
0.307371,0.155961,0.174393,0.362274
0.30696,0.152961,0.176293,0.363786
0.300362,0.157902,0.174418,0.367318
0.303703,0.16031,0.176616,0.359371
0.296508,0.164719,0.173791,0.364981
0.291337,0.182604,0.178967,0.347092
0.295257,0.181017,0.173175,0.35055
0.321778,0.170145,0.164161,0.343917
0.31224,0.179604,0.164692,0.343464
0.327423,0.167012,0.164659,0.340907
0.336049,0.163006,0.166393,0.334552
0.34813,0.154787,0.166504,0.33058
0.335785,0.146756,0.177941,0.339518
0.346912,0.148502,0.172269,0.332318
0.345194,0.148218,0.173329,0.333258
0.346107,0.136698,0.175059,0.342136
0.347358,0.15017,0.171897,0.330575
0.332838,0.154036,0.174216,0.338911
0.331229,0.154086,0.171579,0.343106
0.334533,0.15455,0.172645,0.338272
0.330975,0.150013,0.17278,0.346232
0.334923,0.152874,0.163151,0.349052
0.333515,0.150776,0.173252,0.342457
0.339514,0.151904,0.17004,0.338542
0.336907,0.162853,0.171176,0.329064
0.330523,0.162154,0.166116,0.341207
0.352034,0.147565,0.163003,0.337399
0.353488,0.142889,0.161274,0.342349
0.341051,0.145004,0.168359,0.345586
0.352303,0.147544,0.162835,0.337317
0.364274,0.135022,0.16022,0.340484
0.353231,0.145368,0.157766,0.343635
0.351293,0.140573,0.170579,0.337554
0.353787,0.142849,0.168995,0.334369
0.356386,0.13747,0.160273,0.345871
0.354318,0.129749,0.158272,0.357662
0.351287,0.129658,0.154335,0.36472
0.352923,0.128825,0.147893,0.37036
0.362028,0.123256,0.148703,0.366013
0.348335,0.120203,0.14892,0.382541
0.34891,0.123858,0.155155,0.372077
0.349145,0.122758,0.155677,0.37242
0.350016,0.128427,0.15904,0.362518
0.348629,0.129653,0.164019,0.357699
0.344248,0.129562,0.165302,0.360888
0.339181,0.129934,0.162318,0.368567
0.338292,0.128642,0.159165,0.373901
0.339236,0.128368,0.160097,0.372299
0.340032,0.133485,0.160967,0.365516
0.334477,0.131262,0.160629,0.373632
0.330783,0.142464,0.176075,0.350678
0.324696,0.137722,0.166248,0.371334
0.321905,0.140107,0.172136,0.365852
0.331533,0.143339,0.169064,0.356064
0.328877,0.150535,0.167433,0.353155
0.32605,0.143919,0.159917,0.370113
0.324661,0.142868,0.160962,0.371509
0.318263,0.142336,0.161637,0.377764
0.325787,0.14682,0.164695,0.362698
0.324662,0.146487,0.169906,0.358945
0.332351,0.144153,0.172898,0.350598
0.332593,0.14585,0.172458,0.349099
0.334115,0.144435,0.168568,0.352882
0.332184,0.138296,0.165819,0.363701
0.32591,0.136037,0.160506,0.377547
0.322973,0.13224,0.160329,0.384458
0.318065,0.131981,0.159461,0.390493
0.313215,0.138783,0.162569,0.385433
0.306979,0.138333,0.162722,0.391966
0.298836,0.149527,0.161726,0.389911
0.288863,0.162957,0.165658,0.382521
0.308733,0.156829,0.162205,0.372234
0.314008,0.148533,0.15651,0.380949
0.292544,0.164484,0.162077,0.380895
0.293006,0.160116,0.163816,0.383062
0.303158,0.152945,0.168449,0.375449
0.300818,0.148824,0.168314,0.382045
0.30512,0.148461,0.172768,0.373651
0.328273,0.137435,0.17035,0.363942
0.337019,0.136258,0.166282,0.360441
0.335257,0.139028,0.171335,0.354381
0.322666,0.148392,0.169678,0.359265
0.322168,0.147441,0.172786,0.357605
0.324721,0.140116,0.167878,0.367285
0.332203,0.130269,0.161493,0.376034
0.326371,0.139841,0.163374,0.370413
0.332411,0.135037,0.171891,0.360661
0.338686,0.135887,0.178062,0.347365
0.318384,0.1386,0.180532,0.362483
0.311515,0.14346,0.181133,0.363891
0.31878,0.139209,0.180517,0.361494
0.327488,0.139138,0.172659,0.360715
0.320658,0.139469,0.169283,0.37059
0.323227,0.139755,0.167921,0.369097
0.314506,0.148774,0.180059,0.356661
0.308323,0.149455,0.187145,0.355077
0.311523,0.140881,0.182251,0.365344
0.32617,0.140899,0.170348,0.362583
0.329381,0.137682,0.173561,0.359376
0.33982,0.127622,0.164025,0.368534
0.337066,0.12734,0.162164,0.37343
0.341693,0.12132,0.161813,0.375173
0.339259,0.120635,0.15585,0.384256
0.346342,0.121408,0.153771,0.378479
0.345071,0.125883,0.160089,0.368957
0.336378,0.127798,0.162842,0.372982
0.342425,0.122604,0.162232,0.372739
0.326063,0.123412,0.168679,0.381846
0.328463,0.126122,0.163874,0.381541
0.348332,0.121925,0.154997,0.374746
0.342235,0.124394,0.155839,0.377531
0.337027,0.120462,0.153896,0.388616
0.34119,0.122769,0.149102,0.386939
0.347546,0.115493,0.144377,0.392584
0.356168,0.112221,0.14391,0.387701
0.354081,0.114795,0.146924,0.3842
0.363623,0.116522,0.150244,0.369612
0.358773,0.118134,0.146261,0.376831
0.356992,0.119839,0.14977,0.373399
0.350904,0.120459,0.152397,0.376239
0.351713,0.11961,0.149155,0.379522
0.353908,0.118225,0.153178,0.374689
0.354903,0.12824,0.159193,0.357664
0.342096,0.137521,0.164302,0.356081
0.343891,0.136289,0.162535,0.357285
0.357032,0.146497,0.167243,0.329229
0.359747,0.140837,0.161905,0.337512
0.342568,0.140297,0.160117,0.357017
0.356036,0.137538,0.160033,0.346394
0.349717,0.145243,0.16002,0.34502
0.354835,0.139417,0.154831,0.350917
0.35179,0.16053,0.162996,0.324685
0.351664,0.145891,0.160501,0.341943
0.357172,0.140874,0.163922,0.338032
0.35777,0.150927,0.169543,0.32176
0.335593,0.145823,0.178017,0.340566
0.327325,0.152953,0.17654,0.343182
0.333749,0.154806,0.176565,0.334879
0.318739,0.157574,0.171848,0.351839
0.316604,0.150005,0.169198,0.364192
0.327157,0.144909,0.166146,0.361789
0.328973,0.145811,0.172065,0.35315
0.312337,0.160695,0.169259,0.357709
0.327996,0.154033,0.169857,0.348114
0.312155,0.156582,0.175741,0.355522
0.310642,0.152212,0.176809,0.360337
0.298626,0.152921,0.169584,0.378869
0.319135,0.150686,0.169133,0.361047
0.315282,0.145729,0.180302,0.358688
0.311465,0.149815,0.175493,0.363227
0.310969,0.154142,0.180063,0.354826
0.315744,0.153955,0.17795,0.352351
0.306459,0.146153,0.17479,0.372598
0.312069,0.144578,0.172904,0.370448
0.31695,0.144496,0.167965,0.37059
0.315733,0.141774,0.167246,0.375247
0.314946,0.140333,0.164624,0.380096
0.305407,0.145859,0.164218,0.384516
0.311662,0.143758,0.168725,0.375855
0.317717,0.146613,0.179421,0.356249
0.313311,0.143294,0.174933,0.368462
0.305669,0.146809,0.171528,0.375993
0.313905,0.139211,0.173927,0.372957
0.317837,0.143732,0.177191,0.361241
0.321647,0.142999,0.170864,0.36449
0.3194,0.142678,0.167895,0.370026
0.30942,0.151612,0.175264,0.363704
0.303846,0.151106,0.177736,0.367312
0.318185,0.153102,0.178557,0.350156
0.324767,0.151986,0.18101,0.342238
0.330002,0.151511,0.178935,0.339552
0.322483,0.153853,0.17683,0.346834
0.317049,0.165215,0.184521,0.333214
0.321775,0.163185,0.186035,0.329005
0.316604,0.164968,0.177363,0.341065
0.303399,0.166142,0.187522,0.342937
0.313292,0.160297,0.176417,0.349994
0.317594,0.157964,0.18506,0.339383
0.317025,0.165095,0.183071,0.334809
0.332172,0.152751,0.175407,0.33967
0.331219,0.14814,0.17609,0.34455
0.334603,0.15211,0.171403,0.341885
0.35077,0.150408,0.165735,0.333088
0.342868,0.13922,0.163685,0.354227
0.339368,0.136203,0.172413,0.352017
0.341841,0.131791,0.172916,0.353452
0.345777,0.134687,0.164381,0.355156
0.339186,0.144309,0.15943,0.357076
0.32879,0.149727,0.166813,0.35467
0.328388,0.147907,0.167324,0.356382
0.320311,0.164722,0.168685,0.346282
0.31534,0.161777,0.165946,0.356937
0.329131,0.158213,0.170146,0.342511
0.326128,0.161095,0.169258,0.343519
0.324937,0.154459,0.16727,0.353333
0.338209,0.150953,0.16675,0.344088
0.342697,0.150578,0.16314,0.343584
0.343876,0.148622,0.1571,0.350402
0.340422,0.144178,0.160107,0.355293
0.330584,0.143876,0.165803,0.359736
0.329163,0.145228,0.171625,0.353984
0.334961,0.143058,0.164149,0.357832
0.341518,0.139104,0.159185,0.360194
0.344849,0.145317,0.161458,0.348376
0.338756,0.144307,0.160687,0.356251
0.336854,0.152426,0.162068,0.348652
0.33774,0.1459,0.159165,0.357195
0.342187,0.142238,0.16518,0.350395
0.344103,0.139132,0.161388,0.355378
0.345381,0.129446,0.165137,0.360036
0.35057,0.135013,0.161534,0.352883
0.347252,0.141001,0.171638,0.340109
0.344807,0.138526,0.172727,0.343939
0.348434,0.140657,0.169701,0.341207
0.360581,0.124231,0.172169,0.343019
0.350752,0.137226,0.178171,0.333851
0.346372,0.133919,0.180073,0.339635
0.346215,0.135373,0.178402,0.340011
0.339903,0.150434,0.183712,0.325951
0.33305,0.146884,0.180639,0.339427
0.324116,0.155282,0.17696,0.343643
0.32878,0.154243,0.178795,0.338181
0.322191,0.166193,0.179819,0.331798
0.323339,0.171539,0.181548,0.323574
0.338826,0.162825,0.173455,0.324894
0.344853,0.157667,0.175465,0.322015
0.355156,0.160086,0.172268,0.312489
0.358773,0.158991,0.164752,0.317483
0.351054,0.150886,0.16022,0.33784
0.365116,0.147671,0.163962,0.323251
0.362527,0.156494,0.157502,0.323477
0.356091,0.160342,0.156586,0.326982
0.345161,0.158696,0.156559,0.339584
0.35047,0.146566,0.160927,0.342037
0.350422,0.144532,0.160232,0.344814
0.351476,0.1404,0.158072,0.350053
0.362053,0.130367,0.152564,0.355017
0.362582,0.130989,0.155294,0.351135
0.359692,0.124927,0.154739,0.360642
0.362435,0.127517,0.153764,0.356284
0.364125,0.121912,0.150959,0.363004
0.352177,0.125123,0.160608,0.362093
0.351994,0.12365,0.159544,0.364812
0.356022,0.124917,0.162155,0.356906
0.355426,0.126325,0.16286,0.355389
0.351887,0.129058,0.165096,0.353959
0.360828,0.129154,0.159162,0.350855
0.360428,0.128625,0.156891,0.354056
0.364474,0.125612,0.159099,0.350816
0.379389,0.122659,0.15157,0.346382
0.368802,0.123131,0.153741,0.354325
0.356961,0.124355,0.155649,0.363034
0.361246,0.126744,0.159116,0.352894
0.344037,0.130941,0.160661,0.364361
0.338389,0.133259,0.163236,0.365117
0.34349,0.136846,0.163792,0.355872
0.348054,0.139862,0.166656,0.345428
0.350768,0.137155,0.166259,0.345818
0.360495,0.128324,0.160499,0.350683
0.368873,0.132702,0.156127,0.342297
0.359774,0.139743,0.158783,0.3417
0.353994,0.143572,0.159082,0.343352
0.344209,0.147111,0.160474,0.348206
0.339359,0.14265,0.159827,0.358164
0.331583,0.147729,0.159593,0.361094
0.326359,0.157109,0.156476,0.360057
0.326637,0.145536,0.151392,0.376435
0.317682,0.159941,0.157771,0.364605
0.318525,0.153484,0.151409,0.376582
0.309641,0.165417,0.149196,0.375747
0.307422,0.171939,0.143793,0.376846
0.32052,0.168436,0.154611,0.356433
0.322131,0.166119,0.148336,0.363415
0.326805,0.160464,0.154672,0.358058
0.326499,0.166544,0.151685,0.355271
0.328127,0.161459,0.152559,0.357854
0.334691,0.144572,0.160293,0.360443
0.33984,0.144499,0.155571,0.36009
0.342771,0.146581,0.1536,0.357049
0.339905,0.138908,0.157188,0.364
0.347762,0.137095,0.152035,0.363108
0.35473,0.133438,0.152581,0.359252
0.348394,0.134024,0.15544,0.362142
0.340348,0.134433,0.151029,0.37419
0.345933,0.137488,0.150351,0.366228
0.340797,0.141072,0.152127,0.366004
0.330728,0.137837,0.157749,0.373687
0.334543,0.136165,0.156663,0.37263
0.331308,0.142311,0.159857,0.366524
0.328036,0.140655,0.162383,0.368926
0.328656,0.141029,0.165983,0.364332
0.328808,0.141422,0.162063,0.367707
0.329133,0.15031,0.157057,0.363499
0.323569,0.150123,0.159139,0.367168
0.333147,0.145547,0.15917,0.362136
0.326811,0.154904,0.160099,0.358185
0.323106,0.158833,0.158537,0.359525
0.324103,0.166318,0.166082,0.343498
0.336884,0.152101,0.156431,0.354583
0.325039,0.167952,0.151251,0.355758
0.334891,0.154232,0.153467,0.35741
0.332138,0.155498,0.155129,0.357235
0.331178,0.153189,0.149669,0.365964
0.32961,0.146866,0.152748,0.370777
0.33652,0.141836,0.14768,0.373964
0.331491,0.141958,0.150545,0.376006
0.337112,0.143373,0.153399,0.366116
0.335467,0.141573,0.156694,0.366266
0.333963,0.135851,0.157795,0.372391
0.333474,0.140719,0.159556,0.366251
0.331432,0.142745,0.159722,0.366101
0.335966,0.124984,0.15027,0.388781
0.335093,0.129436,0.150364,0.385107
0.340513,0.115531,0.147236,0.396719
0.33907,0.109268,0.145053,0.406609
0.338271,0.11195,0.142324,0.407455
0.337088,0.110063,0.145418,0.407432
0.335451,0.112353,0.143657,0.408539
0.32243,0.112277,0.143441,0.421853
0.321437,0.113662,0.144868,0.420033
0.327429,0.115858,0.149294,0.407419
0.318883,0.117392,0.15296,0.410765
0.32376,0.119574,0.154704,0.401962
0.321105,0.115734,0.15817,0.404991
0.318343,0.119294,0.155599,0.406764
0.309303,0.120613,0.1589,0.411183
0.304691,0.117704,0.154025,0.423581
0.311213,0.121945,0.16349,0.403352
0.325796,0.123035,0.154761,0.396408
0.344724,0.117144,0.156131,0.382001
0.334843,0.116253,0.149469,0.399435
0.341955,0.122682,0.156619,0.378744
0.338547,0.127807,0.16408,0.369566
0.354357,0.122361,0.157885,0.365397
0.352513,0.128922,0.16743,0.351135
0.352361,0.129303,0.166923,0.351413
0.360811,0.129069,0.16263,0.34749
0.369121,0.136045,0.158612,0.336222
0.383081,0.137522,0.161495,0.317902
0.370106,0.139711,0.164766,0.325418
0.380509,0.135383,0.161174,0.322934
0.387415,0.138663,0.154684,0.319239
0.397026,0.141134,0.155705,0.306135
0.392771,0.137643,0.149,0.320586
0.405278,0.147003,0.149268,0.29845
0.405356,0.131781,0.152728,0.310134
0.404563,0.133479,0.149528,0.31243
0.410535,0.123917,0.146644,0.318904
0.399987,0.125811,0.145976,0.328227
0.404934,0.116471,0.144244,0.33435
0.404432,0.124972,0.145048,0.325548
0.389373,0.120349,0.146152,0.344127
0.382257,0.116357,0.147943,0.353443
0.375724,0.117611,0.15527,0.351395
0.388821,0.120046,0.145758,0.345374
0.361451,0.123213,0.145395,0.369942
0.345081,0.120104,0.147601,0.387214
0.34368,0.121037,0.147776,0.387507
0.331892,0.118424,0.150584,0.399101
0.328378,0.1244,0.147424,0.399799
0.325534,0.122159,0.144697,0.407611
0.321066,0.122521,0.148947,0.407466
0.318153,0.126658,0.149929,0.405259
0.311088,0.134896,0.155978,0.398037
0.32078,0.131394,0.158108,0.389717
0.312565,0.130065,0.156058,0.401312
0.306051,0.13338,0.157666,0.402902
0.319415,0.129668,0.152288,0.398629
0.322248,0.137206,0.151256,0.38929
0.330852,0.126141,0.152639,0.390368
0.333002,0.121117,0.149496,0.396385
0.333267,0.127461,0.152351,0.38692
0.331366,0.131812,0.15307,0.383752
0.334029,0.14018,0.161419,0.364371
0.315764,0.143846,0.155681,0.384708
0.326865,0.134339,0.156934,0.381863
0.328164,0.140196,0.153876,0.377764
0.353326,0.144966,0.14985,0.351858
0.36907,0.136907,0.151329,0.342695
0.360646,0.142801,0.150739,0.345814
0.364343,0.150202,0.152228,0.333227
0.360462,0.152788,0.152939,0.333811
0.351518,0.150477,0.152385,0.345621
0.358151,0.142519,0.152166,0.347164
0.347478,0.141247,0.150649,0.360626
0.346207,0.150983,0.152724,0.350086
0.363091,0.152284,0.153398,0.331228
0.353851,0.157735,0.153712,0.334702
0.324418,0.166399,0.145362,0.363821
0.311598,0.161859,0.153796,0.372747
0.333297,0.159665,0.157945,0.349093
0.321565,0.166177,0.155915,0.356343
0.315202,0.157411,0.159299,0.368088
0.331296,0.158642,0.146286,0.363775
0.335561,0.154539,0.153843,0.356056
0.3376,0.156768,0.157564,0.348068
0.32644,0.154868,0.149544,0.369148
0.323659,0.146836,0.150745,0.37876
0.322812,0.141164,0.144843,0.391182
0.319612,0.149341,0.149777,0.38127
0.317658,0.139649,0.142589,0.400105
0.318339,0.141067,0.146329,0.394265
0.313941,0.137392,0.149008,0.399658
0.305369,0.135438,0.139911,0.419282
0.303257,0.136652,0.148617,0.411474
0.298932,0.131428,0.151656,0.417984
0.301704,0.135938,0.150266,0.412093
0.302703,0.13874,0.146634,0.411924
0.291909,0.134497,0.155066,0.418527
0.294964,0.137635,0.145551,0.421851
0.288487,0.141411,0.150788,0.419314
0.300338,0.144157,0.153839,0.401666
0.306703,0.140286,0.151562,0.401448
0.282212,0.14206,0.153692,0.422036
0.293621,0.137064,0.148532,0.420783
0.298139,0.133826,0.143645,0.42439
0.304461,0.136356,0.145157,0.414026
0.297998,0.137704,0.153522,0.410776
0.297906,0.13763,0.15086,0.413604
0.299282,0.136495,0.146427,0.417795
0.30415,0.139351,0.155555,0.400944
0.328642,0.136257,0.150228,0.384873
0.338922,0.129578,0.139124,0.392376
0.326591,0.128356,0.143329,0.401724
0.325071,0.125586,0.142799,0.406544
0.32578,0.123534,0.142228,0.408458
0.319936,0.126117,0.139503,0.414443
0.307601,0.123278,0.142401,0.42672
0.299149,0.146674,0.138222,0.415955
0.284353,0.136616,0.141716,0.437315
0.297866,0.13884,0.142343,0.420951
0.297087,0.134889,0.138569,0.429456
0.294732,0.130207,0.131277,0.443784
0.297763,0.131283,0.134108,0.436847
0.287198,0.127701,0.129218,0.455882
0.29222,0.12799,0.134055,0.445735
0.285668,0.133964,0.136867,0.443501
0.277765,0.133257,0.135643,0.453334
0.287892,0.123329,0.131799,0.45698
0.293336,0.124141,0.130792,0.451732
0.284228,0.126644,0.124925,0.464203
0.286373,0.121114,0.119747,0.472767
0.280278,0.119252,0.122727,0.477743
0.279461,0.131047,0.120472,0.469021
0.270875,0.129732,0.121133,0.47826
0.276934,0.128239,0.118657,0.47617
0.279982,0.129143,0.117675,0.4732
0.273257,0.133492,0.118206,0.475045
0.273435,0.133025,0.119876,0.473664
0.271776,0.12862,0.114409,0.485195
0.268483,0.128925,0.110672,0.49192
0.270473,0.136091,0.12085,0.472586
0.268227,0.1327,0.127157,0.471916
0.267123,0.122738,0.118813,0.491326
0.260957,0.127582,0.121593,0.489867
0.263332,0.131952,0.12078,0.483936
0.27016,0.128765,0.123244,0.47783
0.272876,0.130529,0.123838,0.472757
0.275057,0.136355,0.123305,0.465284
0.284276,0.136881,0.128523,0.45032
0.280093,0.135133,0.123508,0.461266
0.284789,0.133897,0.131711,0.449603
0.293664,0.136104,0.132856,0.437376
0.286581,0.131275,0.137386,0.444758
0.29414,0.136625,0.135308,0.433928
0.296153,0.138686,0.138079,0.427082
0.303707,0.130268,0.133289,0.432736
0.306022,0.130404,0.126051,0.437523
0.307822,0.134674,0.124542,0.432961
0.303194,0.131805,0.125708,0.439292
0.298262,0.133683,0.124508,0.443547
0.307844,0.124855,0.124895,0.442406
0.306683,0.132008,0.12463,0.436678
0.303597,0.13628,0.137803,0.42232
0.304957,0.137561,0.122142,0.43534
0.311953,0.132584,0.128583,0.42688
0.311891,0.128551,0.125693,0.433865
0.30686,0.134147,0.126634,0.432359
0.320407,0.133804,0.130865,0.414925
0.322556,0.128267,0.126937,0.42224
0.320892,0.123762,0.128363,0.426982
0.316036,0.132618,0.129696,0.42165
0.309153,0.132563,0.135549,0.422736
0.304599,0.146024,0.145828,0.40355
0.316863,0.13991,0.140077,0.40315
0.33057,0.142036,0.140877,0.386517
0.318881,0.143036,0.14391,0.394173
0.327332,0.142741,0.138271,0.391656
0.347647,0.139951,0.136351,0.376051
0.331584,0.141618,0.136603,0.390195
0.333556,0.151053,0.135034,0.380356
0.338114,0.146938,0.139018,0.37593
0.32793,0.150332,0.134438,0.387299
0.328037,0.146084,0.133901,0.391978
0.326988,0.149236,0.132513,0.391262
0.331193,0.14739,0.136529,0.384888
0.345321,0.138114,0.132755,0.38381
0.330381,0.14884,0.141398,0.379381
0.328434,0.149867,0.138716,0.382982
0.3362,0.149938,0.140874,0.372988
0.331506,0.148705,0.142837,0.376952
0.357359,0.146018,0.136328,0.360296
0.347391,0.148421,0.135781,0.368407
0.354325,0.145135,0.131995,0.368545
0.360588,0.145114,0.127758,0.36654
0.350413,0.150622,0.130977,0.367987
0.367245,0.146702,0.132447,0.353606
0.371798,0.138983,0.128367,0.360853
0.357418,0.14301,0.129692,0.36988
0.358108,0.139105,0.129375,0.373412
0.353825,0.135106,0.129944,0.381125
0.363927,0.141987,0.13199,0.362096
0.353343,0.143626,0.132549,0.370482
0.364365,0.150475,0.136896,0.348265
0.365049,0.146747,0.135563,0.352641
0.358832,0.141787,0.141099,0.358283
0.351948,0.150909,0.145701,0.351441
0.336778,0.155493,0.146631,0.361099
0.34598,0.143578,0.15534,0.355102
0.348678,0.150766,0.153531,0.347025
0.332048,0.154924,0.16004,0.352988
0.341225,0.149122,0.160956,0.348697
0.343631,0.139389,0.151513,0.365466
0.333302,0.147043,0.153245,0.366411
0.339285,0.140861,0.144791,0.375063
0.337335,0.148402,0.158214,0.356049
0.329967,0.149162,0.157687,0.363185
0.338483,0.138525,0.151049,0.371943
0.337434,0.138565,0.148438,0.375563
0.337733,0.139237,0.146691,0.376339
0.335095,0.149598,0.155332,0.359975
0.322644,0.139489,0.151845,0.386021
0.314621,0.134987,0.149156,0.401236
0.33289,0.131963,0.15486,0.380288
0.33317,0.135535,0.148249,0.383045
0.339585,0.133455,0.145194,0.381766
0.334877,0.128144,0.150269,0.38671
0.332974,0.127112,0.152056,0.387858
0.324648,0.135785,0.157816,0.381751
0.312045,0.132411,0.149758,0.405786
0.303519,0.132917,0.149092,0.414472
0.306603,0.126664,0.149014,0.417719
0.309951,0.126387,0.14762,0.416043
0.320679,0.129311,0.153863,0.396146
0.311782,0.127634,0.156372,0.404212
0.32557,0.128724,0.152274,0.393432
0.315057,0.13538,0.151686,0.397877
0.321966,0.13723,0.153149,0.387654
0.334219,0.142456,0.155262,0.368064
0.338714,0.123949,0.151073,0.386263
0.34006,0.132979,0.149803,0.377158
0.342902,0.137013,0.154121,0.365965
0.349892,0.131775,0.150917,0.367417
0.336477,0.142221,0.160461,0.360842
0.33345,0.141804,0.163724,0.361021
0.322777,0.14056,0.169326,0.367337
0.333805,0.141856,0.15955,0.364788
0.343423,0.135388,0.164769,0.35642
0.346494,0.135016,0.157299,0.361191
0.340882,0.139585,0.156088,0.363444
0.348489,0.127922,0.160816,0.362773
0.34081,0.123434,0.154949,0.380806
0.335128,0.132775,0.154028,0.378069
0.336426,0.127712,0.157796,0.378066
0.348661,0.137804,0.162385,0.35115
0.330473,0.12963,0.160466,0.379431
0.323097,0.134287,0.159606,0.38301
0.337724,0.13303,0.161417,0.367829
0.346755,0.129931,0.158929,0.364386
0.349285,0.129754,0.157746,0.363215
0.338599,0.135467,0.155335,0.370599
0.339739,0.137317,0.157824,0.36512
0.343411,0.139627,0.15845,0.358512
0.342093,0.134578,0.166368,0.356961
0.355634,0.128099,0.161274,0.354994
0.34636,0.132557,0.165047,0.356035
0.349725,0.128699,0.160183,0.361392
0.344077,0.128436,0.161625,0.365862
0.338291,0.134353,0.162776,0.364579
0.335109,0.130394,0.157024,0.377473
0.328321,0.135204,0.15731,0.379164
0.320088,0.14643,0.172477,0.361005
0.330004,0.14855,0.167282,0.354164
0.345877,0.145346,0.164382,0.344394
0.341729,0.143246,0.160577,0.354448
0.315323,0.15274,0.168596,0.363341
0.317461,0.156149,0.163174,0.363216
0.315534,0.157751,0.164338,0.362377
0.330087,0.151011,0.166422,0.352481
0.327739,0.150505,0.162094,0.359662
0.317065,0.152337,0.16066,0.369938
0.335858,0.1577,0.161755,0.344687
0.331422,0.160419,0.162649,0.345509
0.322256,0.163377,0.167033,0.347333
0.334182,0.156768,0.163646,0.345404
0.329501,0.166135,0.16383,0.340534
0.333621,0.166429,0.160376,0.339574
0.312105,0.166663,0.169788,0.351444
0.313754,0.161556,0.172081,0.352609
0.333164,0.150372,0.168412,0.348052
0.330035,0.169781,0.169237,0.330948
0.324823,0.170751,0.168499,0.335927
0.315688,0.174683,0.167927,0.341702
0.318108,0.165099,0.170585,0.346207
0.313603,0.170015,0.170789,0.345593
0.320569,0.167747,0.160281,0.351403
0.320752,0.151821,0.166811,0.360617
0.324704,0.159979,0.16325,0.352067
0.328903,0.161072,0.16921,0.340815
0.325053,0.177707,0.17011,0.32713
0.324412,0.169517,0.163295,0.342775
0.329457,0.172657,0.169489,0.328397
0.340761,0.165958,0.163635,0.329645
0.366421,0.151591,0.157379,0.324609
0.373581,0.153387,0.153876,0.319156
0.36922,0.151484,0.152462,0.326834
0.357584,0.167855,0.152445,0.322116
0.350172,0.171598,0.1541,0.32413
0.341711,0.170004,0.161208,0.327077
0.338577,0.178382,0.158182,0.324859
0.337239,0.162154,0.164519,0.336088
0.331908,0.157225,0.164812,0.346055
0.330974,0.161052,0.158037,0.349937
0.324331,0.160077,0.162937,0.352655
0.307601,0.179213,0.161636,0.35155
0.302885,0.185153,0.166467,0.345495
0.317391,0.172571,0.171341,0.338697
0.321314,0.168207,0.164362,0.346117
0.310684,0.16292,0.173837,0.352559
0.315955,0.164185,0.172659,0.3472
0.327547,0.157725,0.17174,0.342987
0.330145,0.147786,0.162359,0.35971
0.33245,0.14475,0.156705,0.366096
0.333305,0.150947,0.157137,0.358611
0.327342,0.15015,0.157495,0.365013
0.339272,0.13996,0.159869,0.360899
0.341904,0.148945,0.156676,0.352475
0.340387,0.131048,0.149893,0.378672
0.345812,0.132658,0.15303,0.3685
0.329512,0.139957,0.15549,0.375041
0.338343,0.128414,0.152561,0.380682
0.330955,0.133006,0.15547,0.380569
0.330972,0.132695,0.161069,0.375265
0.324566,0.13368,0.162486,0.379268
0.327686,0.134805,0.162911,0.374599
0.33037,0.142388,0.167866,0.359377
0.332785,0.130082,0.162774,0.374359
0.322168,0.138947,0.163225,0.37566
0.322025,0.134651,0.163497,0.379826
0.32784,0.124415,0.156393,0.391352
0.321626,0.127402,0.159831,0.39114
0.327471,0.124775,0.154971,0.392783
0.324584,0.12868,0.161509,0.385228
0.328569,0.13098,0.158015,0.382436
0.329204,0.129395,0.162452,0.378949
0.33372,0.129804,0.166535,0.369941
0.340079,0.128791,0.164165,0.366965
0.345447,0.125665,0.161769,0.367119
0.348865,0.130205,0.164897,0.356033
0.3364,0.13102,0.161172,0.371409
0.338768,0.130719,0.164168,0.366345
0.331353,0.136178,0.1668,0.365669
0.343585,0.129676,0.163864,0.362875
0.350656,0.123159,0.161211,0.364974
0.352405,0.126751,0.161426,0.359418
0.349524,0.131768,0.163855,0.354854
0.339553,0.138172,0.164436,0.357839
0.337019,0.130511,0.163609,0.368861
0.339124,0.14486,0.158753,0.357263
0.334476,0.1365,0.163507,0.365517
0.332645,0.133467,0.162098,0.37179
0.328035,0.140832,0.165079,0.366054
0.331644,0.140724,0.159386,0.368246
0.336454,0.144054,0.154254,0.365238
0.332335,0.151436,0.156753,0.359476
0.335144,0.144287,0.159384,0.361184
0.330591,0.149365,0.151595,0.368449
0.340388,0.14207,0.156031,0.361511
0.338965,0.145691,0.155997,0.359347
0.33562,0.14792,0.155312,0.361148
0.339639,0.136526,0.155646,0.368189
0.340086,0.147253,0.15946,0.353201
0.350666,0.138423,0.158395,0.352516
0.35067,0.142528,0.161838,0.344964
0.34912,0.137408,0.157697,0.355774
0.346441,0.146664,0.156851,0.350044
0.336577,0.146528,0.162597,0.354299
0.334184,0.139852,0.169023,0.356941
0.321628,0.145926,0.171944,0.360502
0.312184,0.15735,0.174085,0.35638
0.324665,0.145822,0.171123,0.358391
0.322123,0.144526,0.171731,0.361621
0.334186,0.139334,0.167405,0.359074
0.32379,0.143409,0.169422,0.363379
0.327067,0.142366,0.173556,0.35701
0.321049,0.14603,0.171561,0.361359
0.340433,0.135207,0.167832,0.356528
0.324217,0.150367,0.171059,0.354357
0.336046,0.142166,0.173321,0.348467
0.329147,0.142386,0.170298,0.358169
0.325623,0.147373,0.168959,0.358045
0.33649,0.141984,0.169046,0.35248
0.331805,0.143769,0.164061,0.360365
0.346101,0.13415,0.159609,0.36014
0.335694,0.139461,0.163762,0.361083
0.344378,0.135951,0.158835,0.360835
0.34916,0.13882,0.153949,0.358071
0.361639,0.133312,0.157598,0.347451
0.36768,0.13248,0.15852,0.34132
0.368235,0.130907,0.160885,0.339973
0.376422,0.124997,0.157765,0.340816
0.358926,0.126194,0.158777,0.356103
0.360424,0.116912,0.161244,0.361419
0.350811,0.119068,0.156988,0.373132
0.35393,0.127261,0.160366,0.358443
0.347311,0.123865,0.161831,0.366994
0.350146,0.126758,0.164254,0.358843
0.346023,0.133066,0.160851,0.36006
0.346411,0.140216,0.163711,0.349662
0.359831,0.124398,0.155813,0.359958
0.349251,0.124976,0.157114,0.368659
0.353966,0.127055,0.158265,0.360714
0.356594,0.130026,0.155526,0.357855
0.358969,0.136807,0.155247,0.348978
0.355801,0.134335,0.156342,0.353522
0.350022,0.135557,0.157294,0.357127
0.350483,0.135843,0.156572,0.357102
0.355879,0.12817,0.154647,0.361303
0.355674,0.131636,0.156577,0.356113
0.355197,0.133074,0.159228,0.3525
0.344539,0.132355,0.157969,0.365138
0.346405,0.130379,0.154217,0.368998
0.342437,0.135333,0.155385,0.366844
0.34509,0.129708,0.155527,0.369675
0.349164,0.128271,0.152289,0.370276
0.346626,0.129578,0.155065,0.368732
0.336703,0.133574,0.163345,0.366378
0.333954,0.134353,0.159865,0.371828
0.334591,0.132207,0.155034,0.378168
0.336966,0.132501,0.158134,0.372398
0.340939,0.129598,0.154441,0.375021
0.335444,0.132708,0.159093,0.372755
0.346183,0.125539,0.148218,0.380061
0.329908,0.129918,0.154819,0.385355
0.32794,0.134331,0.159,0.378728
0.337279,0.129117,0.152763,0.380841
0.339741,0.129688,0.151594,0.378977
0.338681,0.126336,0.145507,0.389475
0.346638,0.129323,0.141461,0.382578
0.348268,0.126512,0.136094,0.389127
