EUR=X,JPY=X,CHFUSD,GLD
0.369336,0.0540235,0.0971291,0.479511
0.364276,0.0489216,0.10241,0.484392
0.36045,0.0535285,0.11427,0.471751
0.334919,0.048442,0.103169,0.51347
0.342636,0.0445188,0.107644,0.505202
0.338491,0.0385633,0.113705,0.509241
0.327165,0.037939,0.112012,0.522884
0.335733,0.0419989,0.116733,0.505535
0.315196,0.0458915,0.125494,0.513418
0.330403,0.0474084,0.131925,0.490264
0.313862,0.0418201,0.130447,0.513871
0.335595,0.0399965,0.134381,0.490028
0.318018,0.0376427,0.132275,0.512065
0.315169,0.0357541,0.125374,0.523703
0.288675,0.0333141,0.127497,0.550514
0.292801,0.032552,0.136175,0.538472
0.284936,0.0336466,0.124354,0.557063
0.295408,0.0359609,0.130777,0.537853
0.330903,0.0393751,0.134622,0.4951
0.335259,0.0375594,0.125065,0.502117
0.312586,0.0352585,0.120038,0.532117
0.323749,0.0366684,0.126224,0.513359
0.319927,0.0402256,0.124245,0.515602
0.303371,0.0398721,0.117203,0.539554
0.301513,0.0450127,0.114712,0.538762
0.279319,0.0484468,0.109589,0.562646
0.257838,0.0473214,0.0964093,0.598431
0.265474,0.0402436,0.0941698,0.600113
0.305018,0.0504079,0.0962799,0.548294
0.304525,0.0547093,0.0917874,0.548978
0.312874,0.0575688,0.0923863,0.537171
0.337697,0.0557906,0.0978284,0.508684
0.328433,0.0716342,0.0963263,0.503607
0.304085,0.0761533,0.0992831,0.520478
0.309908,0.0799152,0.0995775,0.5106
0.316314,0.0972032,0.104154,0.482329
0.289734,0.0795698,0.106015,0.524682
0.291952,0.0785157,0.100903,0.528629
0.30068,0.0752066,0.0901501,0.533963
0.296426,0.0813395,0.0975648,0.52467
0.267377,0.0714664,0.107307,0.55385
0.295341,0.0792577,0.0998696,0.525532
0.289335,0.0648464,0.104134,0.541684
0.291757,0.0663912,0.111531,0.530321
0.28232,0.0553738,0.105326,0.55698
0.286816,0.0533996,0.102695,0.55709
0.26891,0.0512579,0.106952,0.572881
0.256365,0.0455436,0.113305,0.584787
0.2555,0.0456138,0.112854,0.586032
0.250742,0.0401108,0.10816,0.600988
0.235338,0.0377085,0.100661,0.626292
0.256822,0.0371332,0.0949006,0.611145
0.266436,0.0363591,0.0978162,0.599389
0.253806,0.0367118,0.099135,0.610348
0.252763,0.0354319,0.102264,0.609541
0.259611,0.0346082,0.111378,0.594403
0.236421,0.033234,0.132053,0.598292
0.230303,0.0310782,0.126174,0.612445
0.21048,0.0264423,0.117214,0.645864
0.217781,0.0294517,0.113799,0.638968
0.211094,0.0299253,0.109791,0.64919
0.215039,0.0284686,0.109195,0.647297
0.224689,0.0318974,0.112589,0.630825
0.231769,0.0356419,0.117195,0.615394
0.234286,0.0363842,0.128274,0.601055
0.23118,0.0384126,0.127234,0.603173
0.244201,0.0380527,0.120583,0.597163
0.237524,0.0376824,0.107895,0.616899
0.241012,0.0407285,0.115816,0.602444
0.238987,0.0385782,0.118389,0.604045
0.240176,0.0344393,0.135876,0.589508
0.2567,0.0371118,0.143523,0.562665
0.238598,0.0380079,0.147066,0.576328
0.237413,0.0423715,0.144349,0.575867
0.248875,0.0388728,0.130634,0.581618
0.254293,0.036214,0.123532,0.585961
0.237121,0.0372335,0.133243,0.592402
0.241249,0.0327352,0.148258,0.577758
0.218423,0.0323771,0.15252,0.59668
0.247053,0.0389808,0.142429,0.571537
0.238137,0.0387992,0.13798,0.585084
0.22688,0.0366628,0.132549,0.603909
0.248547,0.0340659,0.123837,0.593551
0.236876,0.0339163,0.126036,0.603172
0.259711,0.0356204,0.131851,0.572818
0.269681,0.0382141,0.146415,0.54569
0.268054,0.0365312,0.141935,0.55348
0.277437,0.0364388,0.143375,0.542749
0.287781,0.0355207,0.148371,0.528327
0.292467,0.0367306,0.147555,0.523247
0.274256,0.0356586,0.145128,0.544957
0.260241,0.0312344,0.135068,0.573457
0.258656,0.0299184,0.133206,0.57822
0.265887,0.0307844,0.133182,0.570146
0.246362,0.0288294,0.132558,0.59225
0.255913,0.0317523,0.122678,0.589657
0.25741,0.0329936,0.127686,0.58191
0.250851,0.0299394,0.124912,0.594298
0.262979,0.0315414,0.121812,0.583668
0.277291,0.0285251,0.105147,0.589037
0.274631,0.0283488,0.107836,0.589184
0.253932,0.0296099,0.107031,0.609427
0.235997,0.0275257,0.10489,0.631587
0.255068,0.030045,0.102063,0.612824
0.261719,0.0313508,0.101904,0.605026
0.276846,0.0324677,0.104062,0.586624
0.281547,0.031407,0.0925267,0.594519
0.285734,0.0285354,0.095403,0.590327
0.297222,0.0315845,0.0981322,0.573061
0.300243,0.0379364,0.0938431,0.567977
0.302386,0.0397814,0.098637,0.559196
0.303789,0.044215,0.101945,0.550051
0.325352,0.0483245,0.100233,0.52609
0.295733,0.0412394,0.0965023,0.566526
0.299127,0.0394523,0.0889074,0.572513
0.30207,0.0402496,0.091327,0.566354
0.2917,0.0408338,0.0967918,0.570674
0.314473,0.0431475,0.095009,0.547371
0.306099,0.0382474,0.0962667,0.559387
0.301078,0.0397004,0.0966216,0.5626
0.317126,0.0390254,0.0983634,0.545485
0.311587,0.0358641,0.0916096,0.560939
0.306892,0.0346928,0.0936144,0.564801
0.277526,0.0339294,0.093856,0.594688
0.270222,0.0335221,0.097647,0.598609
0.266097,0.0340145,0.097967,0.601921
0.270561,0.0324449,0.107889,0.589106
0.257635,0.0316314,0.108002,0.602731
0.249044,0.0298166,0.0988526,0.622287
0.254011,0.0289912,0.0907007,0.626297
0.240672,0.0300692,0.0917351,0.637524
0.234354,0.0280346,0.0905721,0.64704
0.223338,0.0251615,0.0932607,0.65824
0.206782,0.0265988,0.0947658,0.671854
0.220605,0.0285532,0.0933484,0.657493
0.22419,0.0273354,0.0857256,0.662749
0.23789,0.0284201,0.0853219,0.648368
0.25002,0.0306442,0.0855362,0.6338
0.262806,0.0336595,0.0992947,0.60424
0.256025,0.0369683,0.102482,0.604525
0.254598,0.0324882,0.103778,0.609136
0.25769,0.0366297,0.113299,0.59238
0.257917,0.039709,0.117155,0.585219
0.272516,0.0432591,0.12471,0.559515
0.271437,0.0463718,0.126692,0.555499
0.261952,0.04264,0.128872,0.566537
0.256957,0.0439473,0.132032,0.567063
0.27142,0.0511051,0.134456,0.543019
0.289856,0.0543768,0.135272,0.520496
0.271195,0.0468887,0.138099,0.543817
0.286947,0.0586257,0.135597,0.518831
0.289012,0.0521319,0.141917,0.516939
0.2825,0.0492077,0.133655,0.534638
0.290402,0.0532285,0.129158,0.527212
0.296738,0.05314,0.128495,0.521627
0.280427,0.0505236,0.129047,0.540003
0.275375,0.0469313,0.134229,0.543465
0.256055,0.0407961,0.139292,0.563857
0.284851,0.0472586,0.144297,0.523593
0.270858,0.04361,0.138109,0.547422
0.293881,0.0479298,0.141052,0.517137
0.29464,0.0433553,0.134189,0.527816
0.276065,0.0379313,0.13219,0.553813
0.273594,0.0402566,0.149325,0.536824
0.264465,0.0382705,0.150823,0.546442
0.253754,0.0317584,0.160402,0.554086
0.252744,0.0331114,0.164031,0.550113
0.235496,0.0296735,0.158444,0.576386
0.21595,0.0271447,0.154866,0.602039
0.211869,0.0313857,0.154295,0.602451
0.19893,0.0255432,0.144307,0.63122
0.202327,0.0258691,0.140545,0.631259
0.216276,0.0275018,0.157,0.599222
0.195008,0.0217467,0.146373,0.636872
0.198667,0.0251776,0.166148,0.610007
0.194961,0.0253896,0.148373,0.631276
0.198556,0.030938,0.147522,0.622985
0.206184,0.0304513,0.14294,0.620425
0.206962,0.0314058,0.155727,0.605905
0.19199,0.0305356,0.163105,0.61437
0.196766,0.0316658,0.155084,0.616484
0.216026,0.0325244,0.158901,0.592548
0.218977,0.0316354,0.167105,0.582283
0.210399,0.0359255,0.162194,0.591481
0.228373,0.0376768,0.14939,0.584561
0.19593,0.0372054,0.132725,0.63414
0.189121,0.0331495,0.129597,0.648133
0.201147,0.0398194,0.137995,0.621038
0.208707,0.0379587,0.14878,0.604555
0.207059,0.039814,0.14294,0.610186
0.227598,0.0393849,0.153073,0.579944
0.237836,0.0380254,0.141208,0.58293
0.252039,0.0394104,0.151075,0.557475
0.240723,0.0385811,0.154499,0.566198
0.243008,0.0391618,0.172557,0.545273
0.253695,0.0436259,0.164657,0.538021
0.232745,0.0335177,0.180671,0.553066
0.235746,0.0300791,0.150546,0.583628
0.250221,0.0320738,0.168657,0.549049
0.257434,0.0361765,0.173706,0.532684
0.265626,0.0343391,0.165101,0.534934
0.265957,0.0377568,0.157659,0.538628
0.266231,0.0333396,0.187295,0.513134
0.271123,0.0363737,0.168943,0.52356
0.283213,0.0391066,0.184888,0.492792
0.279558,0.0341316,0.171287,0.515023
0.250145,0.0347507,0.174355,0.540749
0.237781,0.0348919,0.179798,0.547529
0.263761,0.0384759,0.191805,0.505958
0.26193,0.0350637,0.19496,0.508047
0.25906,0.0336033,0.191346,0.515991
0.266162,0.0341714,0.192397,0.507269
0.264171,0.038455,0.189243,0.50813
0.247665,0.0401178,0.200382,0.511836
0.246661,0.0426166,0.207327,0.503395
0.257551,0.0469698,0.199395,0.496085
0.264675,0.0471021,0.212847,0.475376
0.245906,0.0467591,0.20541,0.501925
0.263254,0.0505895,0.190511,0.495645
0.26322,0.0498473,0.199719,0.487214
0.249853,0.0501934,0.186368,0.513586
0.261603,0.0499679,0.196133,0.492296
0.269583,0.0579755,0.181333,0.491109
0.24224,0.0530007,0.181978,0.522782
0.255951,0.0614001,0.189729,0.49292
0.251255,0.0609985,0.17373,0.514016
0.28148,0.069637,0.173267,0.475616
0.262184,0.0636543,0.186592,0.48757
0.27395,0.0589745,0.185017,0.482058
0.283754,0.0621692,0.198605,0.455472
0.274774,0.0543588,0.202068,0.468799
0.26954,0.057893,0.203063,0.469504
0.294041,0.0654433,0.211981,0.428535
0.277504,0.0635112,0.214767,0.444219
0.287301,0.0643399,0.212022,0.436337
0.288531,0.0624684,0.222842,0.426159
0.294572,0.063526,0.190785,0.451117
0.304666,0.0649633,0.195398,0.434973
0.326212,0.065722,0.198666,0.4094
0.356982,0.0753993,0.202901,0.364717
0.340545,0.0697551,0.2184,0.3713
0.307941,0.0613147,0.219722,0.411022
0.334435,0.0706777,0.217676,0.377212
0.330936,0.0758559,0.227946,0.365262
0.339435,0.0776619,0.238959,0.343945
0.346963,0.0837847,0.234648,0.334604
0.345734,0.0749412,0.22824,0.351084
0.335664,0.0730597,0.234609,0.356667
0.351172,0.0716419,0.229683,0.347504
0.337492,0.0713725,0.224019,0.367117
0.347943,0.0779567,0.22914,0.344961
0.345268,0.0739519,0.215008,0.365772
0.339818,0.0830392,0.221439,0.355704
0.304154,0.072781,0.22666,0.396406
0.289977,0.065175,0.241151,0.403696
0.273732,0.0625202,0.222431,0.441316
0.294703,0.0694084,0.225234,0.410654
0.266039,0.0667123,0.214502,0.452746
0.285053,0.0646977,0.211762,0.438488
0.289651,0.0627155,0.204634,0.442999
0.270817,0.0524549,0.2115,0.465228
0.272467,0.0564118,0.191411,0.479709
0.270266,0.0547875,0.217577,0.457369
0.262476,0.0584794,0.227701,0.451344
0.282298,0.0638292,0.233821,0.420052
0.278103,0.0594469,0.241328,0.421122
0.277898,0.0602017,0.225916,0.435985
0.304635,0.0651815,0.229276,0.400907
0.305857,0.0656448,0.235351,0.393147
0.305496,0.0645905,0.229255,0.400658
0.322627,0.0705326,0.233711,0.373129
0.296717,0.0565747,0.264628,0.38208
0.315034,0.0642445,0.243772,0.376949
0.309089,0.0622659,0.249435,0.379211
0.32191,0.0656666,0.220889,0.391535
0.322597,0.0634902,0.21685,0.397063
0.328988,0.0653019,0.208395,0.397316
0.316834,0.0550344,0.210512,0.417619
0.332832,0.0595032,0.201276,0.406389
0.32148,0.0611127,0.220376,0.397031
0.310171,0.0592773,0.216094,0.414458
0.326876,0.0649862,0.231154,0.376984
0.318078,0.0595993,0.231282,0.39104
0.322592,0.0635309,0.231734,0.382143
0.323489,0.0580467,0.220167,0.398297
0.293175,0.0516394,0.226216,0.42897
0.303301,0.0507836,0.205415,0.4405
0.312454,0.0513472,0.203469,0.432729
0.316269,0.0507208,0.196631,0.436379
0.326936,0.0495742,0.180091,0.443399
0.322466,0.0482763,0.188941,0.440317
0.349307,0.0531559,0.171821,0.425716
0.343017,0.0572191,0.195466,0.404298
0.343713,0.0550545,0.196463,0.404769
0.324057,0.0500188,0.191567,0.434357
0.320764,0.0531279,0.199156,0.426952
0.321158,0.0523291,0.182941,0.443572
0.325398,0.0637199,0.176275,0.434606
0.324724,0.0545429,0.164661,0.456072
0.328809,0.0559221,0.152264,0.463005
0.356769,0.0606911,0.151653,0.430887
0.359133,0.0559901,0.141089,0.443789
0.357565,0.0483181,0.139366,0.454751
0.354944,0.0498667,0.140452,0.454737
0.358531,0.0558394,0.154021,0.431608
0.359192,0.0646453,0.147368,0.428794
0.330771,0.0571521,0.150636,0.461442
0.309751,0.0584623,0.141213,0.490574
0.324794,0.0604971,0.147469,0.46724
0.329508,0.06054,0.144582,0.46537
0.333909,0.0615571,0.155699,0.448835
0.356196,0.0609006,0.144903,0.438
0.381509,0.0676073,0.150841,0.400043
0.380971,0.0649322,0.139878,0.414219
0.386751,0.0680164,0.13995,0.405283
0.382917,0.0568271,0.137361,0.422896
0.359198,0.0533957,0.132934,0.454472
0.335535,0.0566161,0.163353,0.444496
0.320995,0.0587503,0.175068,0.445186
0.326712,0.0623805,0.164141,0.446766
0.338259,0.0690881,0.165512,0.427141
0.342277,0.0567007,0.149273,0.451749
0.375068,0.070136,0.142903,0.411893
0.355977,0.073408,0.153864,0.416751
0.365278,0.066067,0.150907,0.417748
0.366984,0.063425,0.156349,0.413242
0.343087,0.06114,0.142694,0.453079
0.360582,0.0715842,0.138957,0.428877
0.363963,0.0677147,0.135771,0.432552
0.354897,0.0613799,0.140894,0.442828
0.371853,0.0679827,0.126886,0.433278
0.361847,0.0742954,0.141765,0.422093
0.367412,0.0667698,0.137498,0.42832
0.356413,0.0630025,0.137779,0.442806
0.336889,0.0573906,0.140161,0.465559
0.352291,0.057317,0.142863,0.447528
0.346627,0.0637172,0.162619,0.427037
0.32391,0.0589803,0.149129,0.467981
0.342524,0.0559333,0.13676,0.464782
0.340781,0.0597743,0.145243,0.454202
0.330905,0.0578372,0.132101,0.479156
0.364563,0.0702853,0.128178,0.436974
0.356621,0.0646493,0.12695,0.451779
0.357248,0.0652797,0.138109,0.439364
0.344722,0.0655019,0.12158,0.468196
0.34821,0.0629104,0.123195,0.465684
0.358324,0.0587029,0.137095,0.445878
0.318286,0.0505259,0.141343,0.489845
0.301936,0.0562571,0.148813,0.492994
0.302269,0.0575094,0.148731,0.49149
0.266589,0.051521,0.13742,0.54447
0.282885,0.0511035,0.138061,0.527951
0.291304,0.0479878,0.142898,0.51781
0.29147,0.0498832,0.139725,0.518922
0.282746,0.0494712,0.136919,0.530863
0.287116,0.0529414,0.12674,0.533202
0.286103,0.0488902,0.143066,0.52194
0.268795,0.0469761,0.150757,0.533472
0.244536,0.0427381,0.126069,0.586656
0.231476,0.0389364,0.126211,0.603376
0.229969,0.0358273,0.133326,0.600878
0.229035,0.0415438,0.128312,0.601109
0.237393,0.0430846,0.13826,0.581262
0.245758,0.0423395,0.136427,0.575476
0.241341,0.0386599,0.15367,0.566328
0.252371,0.0413738,0.149322,0.556934
0.262572,0.0501721,0.144522,0.542734
0.253226,0.0460428,0.158554,0.542178
0.255111,0.0464722,0.163939,0.534477
0.253432,0.0460475,0.153066,0.547454
0.253986,0.0500223,0.158237,0.537755
0.200661,0.0406886,0.155825,0.602825
0.224096,0.0475721,0.158219,0.570113
0.218013,0.0460814,0.17063,0.565276
0.229183,0.0561907,0.173628,0.540998
0.263281,0.0604673,0.17118,0.505071
0.267635,0.0608071,0.161161,0.510397
0.287606,0.0705241,0.158957,0.482913
0.297591,0.0620382,0.169087,0.471283
0.306873,0.0614198,0.165644,0.466063
0.29319,0.0598101,0.164026,0.482974
0.261415,0.0519842,0.178507,0.508094
0.255424,0.0510243,0.166781,0.526771
0.257777,0.0503606,0.167783,0.524079
0.245814,0.0469977,0.162449,0.54474
0.241781,0.0479446,0.163518,0.546756
0.258336,0.041558,0.15378,0.546327
0.260701,0.0490534,0.142166,0.548079
0.282809,0.0601537,0.144465,0.512572
0.271364,0.0579992,0.151976,0.51866
0.26642,0.0583254,0.150097,0.525157
0.262946,0.0641445,0.164883,0.508027
0.257411,0.0649143,0.16417,0.513505
0.265664,0.0611303,0.165766,0.50744
0.273394,0.060055,0.170895,0.495656
0.275765,0.0560933,0.15247,0.515671
0.302974,0.0599029,0.159228,0.477895
0.317509,0.0557863,0.164766,0.461938
0.292143,0.0563066,0.148213,0.503338
0.294907,0.0613102,0.143063,0.50072
0.288287,0.0556328,0.146298,0.509783
0.264509,0.0587479,0.154273,0.52247
0.250646,0.0577775,0.151981,0.539595
0.255429,0.0569315,0.168795,0.518845
0.268025,0.0511727,0.164578,0.516224
0.265117,0.05338,0.155841,0.525662
0.270957,0.0521539,0.154297,0.522592
0.278612,0.0492813,0.155744,0.516363
0.281984,0.0521501,0.13083,0.535036
0.266269,0.0500849,0.156036,0.52761
0.265988,0.0476466,0.163133,0.523233
0.262571,0.0515042,0.161489,0.524435
0.254709,0.0498781,0.15204,0.543373
0.297516,0.0588892,0.152374,0.49122
0.305286,0.0533611,0.167156,0.474197
0.316251,0.0533941,0.160746,0.469608
0.314317,0.0548765,0.156196,0.47461
0.319074,0.0575936,0.161511,0.461822
0.315307,0.0584957,0.176622,0.449576
0.310071,0.0645071,0.183146,0.442276
0.31391,0.0616166,0.191341,0.433132
0.327227,0.0554386,0.182216,0.435119
0.300484,0.049372,0.183059,0.467086
0.314061,0.0523442,0.178858,0.454736
0.307657,0.0525669,0.169331,0.470445
0.271029,0.0478818,0.173713,0.507377
0.271685,0.0548874,0.183789,0.489639
0.293152,0.0549722,0.168197,0.483679
0.276913,0.044348,0.179663,0.499076
0.255108,0.0441395,0.166049,0.534703
0.272578,0.0433395,0.172724,0.511359
0.266988,0.0421797,0.167717,0.523116
0.276165,0.0435461,0.158872,0.521417
0.305348,0.0473253,0.163877,0.483449
0.295862,0.041405,0.140488,0.522245
0.267222,0.040376,0.136961,0.555441
0.248944,0.0367771,0.15739,0.556889
0.242483,0.0446607,0.136242,0.576614
0.236924,0.0454571,0.134894,0.582725
0.24354,0.051127,0.134039,0.571293
0.255688,0.051896,0.13254,0.559876
0.282024,0.0509968,0.158722,0.508257
0.28669,0.0553658,0.153253,0.504691
0.286252,0.0611592,0.159256,0.493334
0.29945,0.0641954,0.165681,0.470674
0.300023,0.0673214,0.158888,0.473768
0.287427,0.0579015,0.173581,0.481091
0.267992,0.0533997,0.159839,0.518769
0.281532,0.0577421,0.15415,0.506576
0.291216,0.0636675,0.143008,0.502108
0.296691,0.0696637,0.139899,0.493746
0.331591,0.0756328,0.144516,0.448261
0.324511,0.0692727,0.14044,0.465776
0.305795,0.0609256,0.133951,0.499328
0.288645,0.0601271,0.150007,0.501221
0.26588,0.0558852,0.169194,0.50904
0.266855,0.0609944,0.171052,0.501099
0.254806,0.0487749,0.17,0.526419
0.255625,0.0453121,0.17148,0.527583
0.277425,0.0418081,0.165418,0.515349
0.284903,0.0429228,0.167329,0.504846
0.293328,0.0487834,0.166966,0.490923
0.307358,0.0532644,0.161868,0.477509
0.29954,0.0603748,0.171738,0.468347
0.291195,0.0578973,0.179754,0.471153
0.284124,0.0544945,0.172564,0.488818
0.277397,0.0557609,0.171825,0.495018
0.297124,0.0658857,0.168053,0.468938
0.323133,0.0708476,0.154881,0.451137
0.329046,0.0695513,0.153128,0.448274
0.317077,0.0627694,0.157623,0.46253
0.303044,0.0612406,0.160994,0.474722
0.283594,0.0518326,0.167143,0.49743
0.243315,0.054301,0.179825,0.522559
0.227036,0.0549045,0.184678,0.533382
0.247388,0.0567903,0.174262,0.521559
0.264826,0.051235,0.169433,0.514506
0.268179,0.0487822,0.17264,0.510398
0.297771,0.0516801,0.179006,0.471543
0.305728,0.058597,0.168119,0.467556
0.318351,0.0668988,0.179171,0.435579
0.306858,0.0670271,0.157558,0.468557
0.310607,0.0583937,0.155306,0.475694
0.276583,0.054309,0.1566,0.512508
0.282417,0.0544924,0.1674,0.495691
0.288885,0.0575704,0.159495,0.494049
0.306335,0.0514637,0.162015,0.480187
0.303846,0.0537346,0.168004,0.474416
0.32147,0.0501082,0.171397,0.457025
0.325608,0.0551716,0.166392,0.452828
0.33149,0.0596358,0.167499,0.441376
0.319821,0.0597688,0.16546,0.45495
0.312995,0.0589449,0.152311,0.475749
0.297109,0.0593385,0.151578,0.491975
0.296129,0.0601422,0.174262,0.469467
0.307321,0.0550972,0.177687,0.459894
0.340506,0.0591812,0.178586,0.421727
0.322316,0.0537124,0.149125,0.474847
0.338655,0.0584331,0.150794,0.452118
0.351997,0.0587237,0.161775,0.427504
0.348278,0.054585,0.15109,0.446047
0.319874,0.0503542,0.152528,0.477243
0.338213,0.0460639,0.158371,0.457352
0.307037,0.0454585,0.161002,0.486503
0.305622,0.0455835,0.143841,0.504954
0.313511,0.0423248,0.158781,0.485383
0.335774,0.0479446,0.146,0.470282
0.314427,0.0466263,0.163001,0.475946
0.30147,0.0453302,0.163952,0.489248
0.315412,0.0437285,0.17923,0.46163
0.308423,0.0435206,0.164857,0.4832
0.311954,0.0430351,0.173024,0.471987
0.317146,0.0459866,0.1708,0.466068
0.290056,0.0464558,0.182472,0.481016
0.293518,0.0484122,0.178135,0.479934
0.311667,0.0472309,0.166205,0.474897
0.320601,0.0490498,0.169291,0.461058
0.320327,0.0532175,0.154878,0.471578
0.316697,0.0529826,0.157357,0.472964
0.332579,0.053636,0.15166,0.462125
0.297425,0.0500051,0.159548,0.493022
0.281897,0.0439918,0.154994,0.519117
0.285689,0.0423623,0.162122,0.509827
0.29392,0.0456647,0.172542,0.487874
0.299315,0.0464092,0.164987,0.489289
0.316217,0.0540917,0.158704,0.470987
0.313444,0.0565398,0.160183,0.469833
0.292601,0.0503502,0.160746,0.496303
0.288989,0.0593405,0.168344,0.483326
0.322699,0.059977,0.15755,0.459774
0.336433,0.0608828,0.15577,0.446915
0.328218,0.0603167,0.157854,0.453612
0.334752,0.0659788,0.159909,0.439361
0.34391,0.0675573,0.181485,0.407047
0.325373,0.0657013,0.177064,0.431862
0.31192,0.0610776,0.176579,0.450423
0.313697,0.0665482,0.173165,0.44659
0.307318,0.0686228,0.178004,0.446056
0.289501,0.061346,0.176353,0.4728
0.291758,0.056732,0.172964,0.478546
0.312839,0.0711361,0.18091,0.435115
0.293087,0.0722608,0.184505,0.450148
0.294768,0.0661348,0.170901,0.468195
0.316901,0.073087,0.187644,0.422368
0.30717,0.0618601,0.174193,0.456777
0.304803,0.0693762,0.175923,0.449897
0.316612,0.0629837,0.169988,0.450415
0.298174,0.0635994,0.174517,0.463709
0.284395,0.0633589,0.187193,0.465053
0.297184,0.0667362,0.175291,0.460789
0.268964,0.0561307,0.179499,0.495406
0.271299,0.0578453,0.184941,0.485914
0.257566,0.0539519,0.187651,0.500831
0.265085,0.0504757,0.172314,0.512125
0.276124,0.056975,0.17181,0.495091
0.270792,0.0560023,0.176808,0.496398
0.259349,0.0524167,0.180207,0.508028
0.262547,0.0517633,0.182234,0.503455
0.23523,0.0489415,0.191528,0.524301
0.233111,0.0516168,0.189373,0.525899
0.256598,0.0576212,0.181708,0.504073
0.251702,0.0584522,0.182394,0.507451
0.243716,0.058102,0.185604,0.512578
0.26181,0.0596239,0.181187,0.49738
0.254715,0.0618768,0.172056,0.511352
0.25259,0.0620821,0.187641,0.497687
0.263371,0.0636152,0.203213,0.469801
0.259432,0.0604478,0.195446,0.484675
0.258016,0.0671404,0.215695,0.459149
0.254526,0.060205,0.208683,0.476585
0.249778,0.0567705,0.201906,0.491546
0.248891,0.0538226,0.20334,0.493946
0.246678,0.0534596,0.201823,0.498039
0.282925,0.0623705,0.20477,0.449934
0.271875,0.0562429,0.20305,0.468833
0.25773,0.0516,0.201771,0.488899
0.266707,0.0566066,0.211184,0.465502
0.251618,0.0548322,0.212457,0.481093
0.270774,0.0575049,0.213606,0.458115
0.255194,0.0540477,0.223039,0.467719
0.263826,0.0539311,0.228196,0.454046
0.24994,0.0596155,0.227621,0.462824
0.253585,0.0563123,0.218036,0.472067
0.255037,0.0538308,0.218253,0.47288
0.265254,0.0543285,0.210118,0.4703
0.265444,0.0613319,0.232817,0.440408
0.27835,0.0572168,0.229908,0.434524
0.298345,0.0581162,0.213507,0.430032
0.298304,0.062246,0.235918,0.403532
0.296603,0.0639829,0.229696,0.409719
0.31461,0.073727,0.2087,0.402964
0.294372,0.0698368,0.214193,0.421599
0.285758,0.06777,0.205559,0.440913
0.291213,0.0740845,0.199151,0.435551
0.301055,0.0742777,0.198684,0.425983
0.28801,0.0748357,0.198331,0.438823
0.288108,0.0667534,0.223594,0.421544
0.285959,0.0711056,0.200148,0.442787
0.296265,0.0720272,0.211339,0.420368
0.290635,0.084026,0.233764,0.391576
0.292638,0.0865508,0.21539,0.405421
0.303181,0.0964581,0.226116,0.374245
0.292867,0.0916914,0.221807,0.393635
0.2977,0.0936966,0.230323,0.378281
0.27809,0.0833067,0.233276,0.405327
0.278314,0.0790609,0.222048,0.420577
0.29408,0.0856489,0.221288,0.398983
0.277154,0.0819011,0.242323,0.398622
0.299308,0.082516,0.238652,0.379524
0.290288,0.07888,0.232755,0.398078
0.29046,0.0697791,0.243783,0.395978
0.285065,0.0843739,0.262316,0.368244
0.295119,0.0903533,0.252198,0.36233
0.307917,0.0941524,0.268513,0.329418
0.30017,0.0994564,0.264086,0.336288
0.317337,0.100219,0.262625,0.319819
0.314888,0.110402,0.262998,0.311712
0.318343,0.0977622,0.266139,0.317756
0.327188,0.100332,0.265602,0.306878
0.315379,0.0914891,0.261806,0.331326
0.326699,0.0945314,0.270958,0.307812
0.334311,0.0966453,0.25997,0.309073
0.334513,0.08907,0.269312,0.307105
0.327423,0.10017,0.289315,0.283092
0.327105,0.101053,0.281992,0.28985
0.33967,0.109662,0.277278,0.27339
0.341165,0.097003,0.285697,0.276135
0.349899,0.0940851,0.267089,0.288926
0.348606,0.0940755,0.280529,0.276789
0.355779,0.0909001,0.273513,0.279807
0.357775,0.0915728,0.271368,0.279285
0.363574,0.092223,0.259793,0.28441
0.361406,0.0873337,0.251016,0.300244
0.354372,0.0906258,0.265741,0.289261
0.349885,0.0874711,0.269788,0.292855
0.350002,0.0833769,0.273053,0.293567
0.349838,0.0876777,0.267666,0.294818
0.332937,0.0836787,0.282409,0.300975
0.348252,0.0855478,0.277493,0.288708
0.351895,0.0912452,0.282159,0.274701
0.363336,0.0938581,0.257135,0.285671
0.354018,0.0921892,0.272816,0.280976
0.351332,0.0880038,0.253257,0.307407
0.359652,0.0893252,0.271212,0.279812
0.355401,0.0835329,0.271658,0.289407
0.344252,0.0807762,0.272914,0.302058
0.33925,0.0877015,0.270533,0.302516
0.335281,0.0834647,0.241675,0.339579
0.336792,0.084691,0.240497,0.33802
0.338949,0.0908424,0.261409,0.3088
0.322474,0.0787211,0.234701,0.364104
0.340714,0.089805,0.251837,0.317645
0.346755,0.0795996,0.245251,0.328395
0.33188,0.0806459,0.242667,0.344807
0.344354,0.0826108,0.247092,0.325944
0.332398,0.0824497,0.254691,0.330462
0.341633,0.0912357,0.254782,0.312349
0.325741,0.0857516,0.270314,0.318193
0.334568,0.0869403,0.261629,0.316863
0.347711,0.0868992,0.269919,0.295471
0.348056,0.088509,0.265828,0.297607
0.353572,0.087762,0.27307,0.285596
0.361061,0.0895003,0.259845,0.289594
0.365447,0.090966,0.26134,0.282247
0.370757,0.0951965,0.260833,0.273213
0.373605,0.0904496,0.258307,0.277639
0.376998,0.0995753,0.263631,0.259795
0.367493,0.0859366,0.269033,0.277538
0.385327,0.104193,0.262741,0.247738
0.391911,0.0944681,0.260374,0.253247
0.387788,0.0862938,0.257401,0.268517
0.39017,0.0875104,0.259574,0.262746
0.398266,0.0747351,0.22973,0.297268
0.416294,0.0739671,0.227511,0.282227
0.39948,0.0711057,0.222266,0.307149
0.405447,0.0799588,0.223767,0.290828
0.398651,0.0819375,0.228084,0.291328
0.363596,0.0733375,0.24179,0.321277
0.36235,0.0709559,0.239523,0.327172
0.339233,0.0726116,0.244879,0.343276
0.332848,0.0756775,0.251323,0.340152
0.32368,0.0748737,0.246228,0.355219
0.382834,0.0800155,0.207066,0.330085
0.365439,0.0695151,0.21855,0.346495
0.374924,0.0696653,0.211566,0.343844
0.35682,0.0688141,0.213044,0.361322
0.358781,0.0731446,0.217838,0.350236
0.349969,0.0643888,0.199603,0.386039
0.365158,0.0740593,0.202112,0.358671
0.347736,0.06864,0.200681,0.382944
0.344582,0.0734647,0.209128,0.372825
0.35173,0.0748048,0.211913,0.361552
0.350353,0.0719842,0.209771,0.367892
0.345019,0.0778362,0.216841,0.360304
0.367949,0.0844782,0.214259,0.333314
0.365052,0.0771625,0.207044,0.350741
0.38364,0.0903367,0.20853,0.317493
0.377023,0.0824805,0.208573,0.331924
0.389032,0.0847646,0.187501,0.338703
0.372077,0.0844229,0.204345,0.339155
0.390934,0.0882285,0.191344,0.329494
0.370732,0.0929428,0.220607,0.315718
0.364626,0.0892996,0.202553,0.343522
0.350466,0.0916466,0.215997,0.341891
0.376481,0.0938846,0.193862,0.335773
0.372249,0.0916963,0.205915,0.33014
0.392169,0.104957,0.209753,0.293122
0.366926,0.0866065,0.21596,0.330508
0.365294,0.0868179,0.222674,0.325215
0.362471,0.0785389,0.221215,0.337775
0.344056,0.0801256,0.232281,0.343537
0.351507,0.0877878,0.219262,0.341443
0.328301,0.0785573,0.231711,0.361431
0.319973,0.0779909,0.221127,0.380909
0.331171,0.0695902,0.20823,0.391009
0.340955,0.0767156,0.192915,0.389415
0.333607,0.0735243,0.214352,0.378517
0.335716,0.0729523,0.213001,0.378331
0.345376,0.0699138,0.185124,0.399586
0.333374,0.0624787,0.187331,0.416817
0.325717,0.059482,0.185214,0.429587
0.311953,0.0589216,0.178898,0.450227
0.291947,0.048211,0.177131,0.482711
0.288519,0.0527774,0.201847,0.456856
0.308278,0.0538527,0.213244,0.424625
0.316944,0.0492499,0.210946,0.42286
0.339312,0.0573712,0.223135,0.380182
0.341276,0.0541944,0.217169,0.38736
0.321263,0.054816,0.256499,0.367422
0.310679,0.0585934,0.26196,0.368767
0.312087,0.0532868,0.244547,0.390079
0.319231,0.0609946,0.245382,0.374392
0.316006,0.0622219,0.238512,0.38326
0.325183,0.062695,0.228274,0.383848
0.30889,0.0642321,0.238463,0.388415
0.308067,0.0601543,0.253298,0.378481
0.35494,0.0649195,0.223608,0.356533
0.353137,0.067232,0.238257,0.341373
0.369031,0.0640853,0.206947,0.359937
0.354868,0.057664,0.2119,0.375568
0.356873,0.0529182,0.20057,0.389639
0.338881,0.0555872,0.219956,0.385576
0.325693,0.061545,0.213051,0.399712
0.308422,0.0603266,0.259721,0.371531
0.33993,0.0553853,0.234949,0.369736
0.35227,0.0548719,0.230594,0.362265
0.35007,0.0587665,0.225942,0.365221
0.378259,0.0468151,0.175665,0.399261
0.362057,0.0527156,0.177819,0.407408
0.348188,0.0498331,0.185375,0.416604
0.339921,0.0530624,0.176916,0.430101
0.34706,0.0593838,0.190097,0.403459
0.341224,0.0528564,0.195255,0.410664
0.353182,0.0530375,0.193011,0.400769
0.364758,0.0616688,0.191856,0.381718
0.369924,0.0563208,0.159209,0.414546
0.359881,0.0531282,0.159845,0.427146
0.35043,0.0566748,0.160041,0.432854
0.353686,0.0588443,0.159316,0.428154
0.354104,0.0588606,0.15058,0.436455
0.338923,0.0584322,0.155081,0.447564
0.355961,0.0618892,0.164887,0.417263
0.341322,0.0565449,0.164086,0.438046
0.361847,0.0557238,0.174536,0.407893
0.351188,0.0600231,0.167961,0.420828
0.332709,0.0552487,0.168302,0.44374
0.347819,0.0645665,0.16035,0.427265
0.353566,0.0618775,0.155159,0.429398
0.346304,0.0618679,0.145775,0.446053
0.350031,0.0606762,0.152655,0.436637
0.361662,0.0570785,0.155141,0.426118
0.370028,0.0644129,0.159367,0.406191
0.354436,0.0728267,0.150639,0.422098
0.371851,0.0705372,0.15401,0.403602
0.379311,0.0658211,0.146293,0.408575
0.367801,0.0601553,0.136463,0.435581
0.350175,0.0652322,0.164005,0.420588
0.363973,0.0656538,0.146421,0.423952
0.339028,0.0592222,0.171547,0.430203
0.330299,0.0567531,0.187538,0.42541
0.33813,0.0673446,0.181957,0.412568
0.35274,0.0700422,0.177188,0.40003
0.355295,0.0588412,0.196809,0.389055
0.35447,0.0636939,0.170838,0.410998
0.355167,0.0647491,0.168103,0.411981
0.342705,0.07218,0.173028,0.412087
0.339941,0.0616672,0.169896,0.428496
0.33318,0.0624322,0.156343,0.448044
0.365659,0.0620399,0.154612,0.41769
0.390152,0.0673131,0.142477,0.400057
0.371183,0.0687197,0.127328,0.432769
0.389545,0.0658205,0.127163,0.417471
0.384383,0.0635579,0.129937,0.422123
0.401081,0.0620233,0.114122,0.422774
0.383217,0.0613352,0.121292,0.434156
0.34575,0.0561487,0.137897,0.460204
0.343982,0.0503512,0.12817,0.477497
0.337772,0.0606655,0.128857,0.472705
0.332745,0.0701561,0.129006,0.468094
0.337614,0.064381,0.135167,0.462838
0.331138,0.065927,0.13751,0.465424
0.349027,0.0690661,0.135824,0.446083
0.362565,0.0829822,0.127225,0.427228
0.382173,0.0849031,0.133721,0.399203
0.362829,0.0768307,0.133068,0.427272
0.338651,0.0749328,0.139366,0.447049
0.319779,0.0660177,0.154981,0.459222
0.348045,0.0612493,0.14295,0.447756
0.35722,0.0678735,0.14585,0.429057
0.338857,0.0631142,0.155683,0.442345
0.355949,0.0527468,0.170969,0.420335
0.358404,0.0630591,0.16012,0.418416
0.322849,0.0540327,0.165137,0.457981
0.301763,0.0463244,0.161612,0.4903
0.297552,0.0433443,0.168147,0.490957
0.28532,0.0452245,0.186409,0.483047
0.297755,0.0433048,0.181633,0.477308
0.309064,0.0462432,0.179953,0.46474
0.327621,0.0515859,0.198155,0.422638
0.316298,0.0534664,0.192594,0.437641
0.29971,0.0439203,0.208898,0.447472
0.323111,0.046096,0.172707,0.458086
0.312242,0.0426014,0.159666,0.48549
0.325016,0.0396915,0.161862,0.473431
0.310273,0.0505186,0.156867,0.482342
0.316298,0.0544713,0.155498,0.473732
0.303211,0.0548935,0.167012,0.474883
0.27641,0.0475689,0.17255,0.503471
0.310197,0.0552825,0.15128,0.48324
0.324946,0.0589843,0.150697,0.465373
0.299317,0.0533282,0.131634,0.515721
0.305848,0.0556823,0.137183,0.501286
0.297069,0.0671253,0.159966,0.475839
0.264759,0.0613496,0.163236,0.510656
0.268471,0.0680406,0.15285,0.510638
0.28197,0.0676202,0.15493,0.49548
0.293237,0.071178,0.145501,0.490085
0.30376,0.099671,0.144244,0.452326
0.321272,0.0880741,0.140793,0.449861
0.309205,0.0799334,0.137805,0.473057
0.29046,0.0748876,0.143537,0.491115
0.26456,0.0781775,0.13774,0.519523
0.267458,0.0757485,0.136803,0.51999
0.252194,0.0796692,0.136814,0.531323
0.277722,0.0695652,0.1322,0.520513
0.273869,0.0748502,0.141154,0.510127
0.29632,0.078556,0.155675,0.469449
0.319269,0.0783636,0.14803,0.454338
0.293152,0.0764411,0.138479,0.491928
0.333815,0.0694007,0.154844,0.441941
0.297763,0.0669666,0.161544,0.473726
0.294908,0.0699897,0.156271,0.478832
0.294985,0.0569219,0.145516,0.502578
0.298243,0.0661872,0.15133,0.48424
0.292118,0.0586447,0.155153,0.494084
0.313669,0.0531656,0.166181,0.466984
0.317425,0.0504023,0.154375,0.477798
0.335992,0.0503251,0.154159,0.459523
0.310069,0.0472474,0.147817,0.494867
0.300146,0.0447707,0.15462,0.500464
0.294766,0.0431986,0.153437,0.508598
0.280202,0.0432567,0.174125,0.502417
0.225218,0.0395672,0.170796,0.564419
0.264991,0.0466558,0.157894,0.53046
0.270955,0.0504981,0.15362,0.524927
0.285215,0.0539397,0.161696,0.499149
0.261245,0.0476028,0.164686,0.526466
0.249411,0.041194,0.164862,0.544533
0.238962,0.0429337,0.153443,0.564662
0.203746,0.0453526,0.143333,0.607569
0.215173,0.0459987,0.140194,0.598634
0.224852,0.0469301,0.143639,0.584579
0.222764,0.043663,0.15775,0.575822
0.238314,0.0479453,0.14299,0.57075
0.248337,0.0456409,0.149928,0.556094
0.239838,0.0504204,0.148861,0.560881
0.22722,0.0506646,0.140541,0.581575
0.233487,0.0546602,0.156367,0.555486
0.224041,0.0501894,0.146738,0.579031
0.222906,0.0580285,0.144298,0.574768
0.243167,0.050734,0.169264,0.536834
0.252728,0.0502308,0.160933,0.536107
0.248918,0.0545758,0.151275,0.545231
0.255873,0.0491057,0.163658,0.531363
0.251016,0.0506282,0.150666,0.54769
0.2626,0.0483179,0.15675,0.532332
0.261011,0.0434191,0.175355,0.520215
0.265995,0.0457153,0.156688,0.531602
0.25618,0.0428162,0.163088,0.537916
0.297053,0.0444674,0.175278,0.483202
0.276495,0.0388221,0.18039,0.504293
0.284199,0.0440501,0.158628,0.513122
0.283025,0.043912,0.167204,0.505859
0.281541,0.0411574,0.159161,0.518141
0.26967,0.0381807,0.153032,0.539118
0.263948,0.0398684,0.166298,0.529885
0.246641,0.0370715,0.165241,0.551046
0.251193,0.0408518,0.167707,0.540248
0.271509,0.0425482,0.168287,0.517656
0.25807,0.037949,0.170014,0.533967
0.255445,0.0391007,0.166405,0.539049
0.259809,0.0356505,0.167688,0.536852
0.252061,0.0368217,0.163147,0.54797
0.246399,0.0376517,0.170051,0.545897
0.232721,0.0346843,0.169609,0.562985
0.221155,0.0371859,0.17841,0.563248
0.228537,0.0375628,0.169429,0.56447
0.24876,0.0379449,0.179178,0.534117
0.243749,0.0383272,0.182462,0.535462
0.260452,0.0418447,0.163433,0.53427
0.28313,0.0409377,0.167114,0.508819
0.289539,0.0469558,0.169504,0.494001
0.273274,0.0429776,0.163632,0.520115
0.266618,0.0413058,0.164516,0.52756
0.242612,0.0443632,0.169811,0.543214
0.279268,0.0456971,0.187426,0.487609
0.272609,0.0498573,0.162414,0.51512
0.270432,0.0507187,0.168152,0.510697
0.264451,0.0425976,0.148373,0.544579
0.314092,0.0550251,0.162453,0.46843
0.300286,0.0475545,0.142025,0.510134
0.308959,0.0498984,0.131604,0.509538
0.278419,0.0514914,0.144134,0.525955
0.280912,0.0499282,0.146361,0.522799
0.271678,0.0452563,0.135048,0.548018
0.304011,0.0524454,0.128144,0.5154
0.301406,0.0507052,0.119017,0.528872
0.287525,0.0457937,0.127486,0.539195
0.319465,0.0493424,0.134588,0.496605
0.328012,0.0535498,0.112601,0.505837
0.321567,0.048403,0.127904,0.502126
0.332259,0.0492474,0.124045,0.494448
0.322025,0.0473337,0.127618,0.503023
0.302314,0.0530401,0.118315,0.526331
0.282484,0.0444055,0.127623,0.545488
0.285725,0.040101,0.140176,0.533998
0.272702,0.0388088,0.131894,0.556596
0.268791,0.0369152,0.136407,0.557887
0.262121,0.0342792,0.143658,0.559942
0.250396,0.0387072,0.129549,0.581347
0.270544,0.0403671,0.147206,0.541883
0.278223,0.03945,0.13565,0.546677
0.282251,0.0371135,0.133012,0.547624
0.281931,0.0369593,0.148484,0.532625
0.273907,0.0368163,0.144268,0.545009
0.3013,0.0368596,0.129958,0.531883
0.294903,0.0355705,0.140374,0.529153
0.298097,0.0392672,0.133052,0.529584
0.295861,0.0384979,0.131839,0.533802
0.285976,0.0374832,0.132115,0.544426
0.275807,0.0346954,0.116749,0.572749
0.254628,0.0334418,0.143264,0.568666
0.261204,0.036209,0.143197,0.55939
0.26401,0.0411971,0.170976,0.523817
0.270971,0.036201,0.158303,0.534524
0.280556,0.0382372,0.16873,0.512477
0.279195,0.0395472,0.15833,0.522928
0.266159,0.0388314,0.154326,0.540684
0.269519,0.041232,0.135301,0.553948
0.280104,0.0383566,0.155957,0.525582
0.287698,0.0532205,0.157271,0.50181
0.290385,0.0475764,0.16207,0.499968
0.278086,0.0437027,0.163868,0.514344
0.298674,0.0482434,0.15874,0.494343
0.301013,0.0544334,0.159247,0.485307
0.280602,0.0509678,0.172468,0.495962
0.285612,0.0565751,0.150796,0.507016
0.291734,0.0493231,0.150518,0.508424
0.270918,0.0453514,0.168862,0.514868
0.252431,0.046142,0.170218,0.531209
0.256279,0.0469848,0.174964,0.521772
0.278367,0.0558223,0.185901,0.479909
0.268209,0.051717,0.198033,0.482041
0.295146,0.0640403,0.192556,0.448257
0.285345,0.0604789,0.190722,0.463454
0.293561,0.0558588,0.171787,0.478793
0.269057,0.0517886,0.189785,0.489369
0.267367,0.0538514,0.192762,0.486019
0.250443,0.044052,0.216051,0.489454
0.24938,0.0478292,0.204439,0.498351
0.239247,0.0422762,0.223062,0.495415
0.249698,0.0429637,0.203747,0.503592
0.267179,0.0487802,0.198811,0.48523
0.307386,0.0582341,0.178727,0.455654
0.272333,0.0434591,0.205149,0.479059
0.270146,0.0538241,0.200151,0.475879
0.264383,0.0485605,0.207755,0.479302
0.25368,0.0450001,0.200707,0.500613
0.219829,0.0362423,0.199455,0.544474
0.242923,0.0449539,0.186086,0.526037
0.229815,0.042574,0.173622,0.553989
0.242347,0.0449283,0.171878,0.540847
0.270699,0.0463389,0.168415,0.514547
0.254593,0.0438933,0.189264,0.51225
0.259259,0.0536209,0.193566,0.493554
0.270964,0.05379,0.184604,0.490641
0.262829,0.0501924,0.184074,0.502905
0.26139,0.0498393,0.183194,0.505577
0.25621,0.053581,0.190988,0.499222
0.269633,0.058431,0.186772,0.485164
0.283728,0.0632342,0.203852,0.449186
0.270512,0.0668436,0.192045,0.4706
0.258665,0.0580735,0.193339,0.489922
0.250063,0.0619156,0.191,0.497021
0.241692,0.061474,0.1875,0.509335
0.229432,0.0537139,0.189981,0.526873
0.219726,0.0549703,0.182793,0.542511
0.223808,0.0550664,0.19523,0.525896
0.226601,0.0585354,0.198134,0.51673
0.225903,0.0513429,0.216486,0.506268
0.243292,0.0537961,0.202849,0.500064
0.25601,0.0539343,0.210449,0.479607
0.245327,0.0529732,0.210168,0.491532
0.255564,0.0612291,0.211862,0.471345
0.262872,0.06003,0.224453,0.452645
0.279345,0.0645763,0.233379,0.4227
0.2781,0.0665244,0.234626,0.42075
0.296279,0.0693481,0.235085,0.399288
0.288379,0.0672954,0.212848,0.431477
0.299373,0.0661459,0.208768,0.425713
0.301314,0.0683029,0.210969,0.419414
0.315144,0.0692433,0.21082,0.404792
0.309313,0.0708721,0.224326,0.395489
0.295549,0.0669262,0.242642,0.394883
0.289594,0.0624748,0.233142,0.414789
0.295939,0.0711408,0.247746,0.385175
0.285358,0.055159,0.230902,0.428581
0.288625,0.0633994,0.205843,0.442133
0.296623,0.059321,0.216333,0.427723
0.284843,0.0644235,0.215798,0.434935
0.293788,0.0640974,0.228069,0.414045
0.303644,0.0652612,0.214553,0.416541
0.29137,0.0680598,0.186468,0.454102
0.288783,0.0668425,0.185885,0.45849
0.286589,0.0720591,0.208241,0.433111
0.303357,0.0604731,0.182593,0.453578
0.280105,0.0600658,0.194039,0.46579
0.285883,0.0591154,0.167726,0.487275
0.320762,0.0605981,0.175783,0.442857
0.309415,0.0604836,0.18309,0.447012
0.306414,0.0612427,0.198265,0.434078
0.307475,0.0699388,0.203596,0.41899
0.28574,0.0683769,0.20347,0.442413
0.267053,0.0618842,0.192573,0.47849
0.269376,0.0599809,0.193566,0.477077
0.270129,0.0620709,0.198145,0.469655
0.275077,0.0671644,0.194862,0.462896
0.276523,0.0701952,0.215031,0.43825
0.300014,0.0706317,0.215434,0.41392
0.296642,0.0693503,0.232423,0.401585
0.29512,0.0677931,0.219731,0.417355
0.295531,0.0614987,0.20163,0.44134
0.301918,0.0662251,0.211044,0.420813
0.307109,0.0693783,0.215216,0.408296
0.313645,0.0770501,0.214442,0.394863
0.312495,0.0744899,0.224151,0.388864
0.305614,0.0697746,0.226943,0.397668
0.304402,0.0677972,0.232118,0.395683
0.303065,0.0630155,0.226709,0.40721
0.309718,0.0696039,0.224302,0.396377
0.318393,0.0759217,0.218218,0.387467
0.316498,0.0718869,0.222619,0.388996
0.321028,0.069813,0.23776,0.371399
0.304808,0.0673464,0.244308,0.383538
0.301019,0.0604499,0.238578,0.399953
0.31679,0.0761575,0.247616,0.359436
0.322896,0.0724049,0.247848,0.356851
0.334609,0.0794273,0.255216,0.330747
0.328891,0.0825326,0.252905,0.335671
0.341173,0.0850148,0.243784,0.330028
0.314565,0.0790335,0.263038,0.343364
0.314106,0.073361,0.252338,0.360195
0.308491,0.0806916,0.254004,0.356813
0.299928,0.0853613,0.253748,0.360963
0.311368,0.092932,0.256614,0.339086
0.318294,0.0852257,0.239722,0.356758
0.315366,0.0804452,0.22228,0.381909
0.305145,0.0793514,0.225522,0.389981
0.306538,0.0806005,0.243451,0.369411
0.309931,0.0816508,0.226802,0.381617
0.294846,0.0828786,0.236495,0.38578
0.283334,0.0739228,0.22307,0.419673
0.319335,0.0852106,0.21287,0.382584
0.329793,0.084691,0.198454,0.387062
0.302745,0.0793816,0.213428,0.404445
0.332626,0.0889474,0.208011,0.370415
0.332091,0.0921713,0.214452,0.361285
0.321619,0.0864925,0.213561,0.378328
0.322612,0.0828619,0.211133,0.383393
0.326671,0.0751258,0.206368,0.391836
0.297932,0.0762527,0.20636,0.419456
0.298561,0.0838058,0.22804,0.389593
0.323915,0.0831352,0.222789,0.370161
