EUR=X,JPY=X,CHFUSD,GLD
0.27645,0.12506,0.129812,0.468679
0.308248,0.114406,0.132725,0.444621
0.305356,0.113791,0.134449,0.446403
0.306481,0.114412,0.130881,0.448226
0.292983,0.112688,0.126877,0.467452
0.276092,0.119717,0.122535,0.481656
0.277923,0.133694,0.122514,0.465869
0.265055,0.14089,0.130193,0.463863
0.269873,0.134262,0.127621,0.468244
0.269635,0.132986,0.129201,0.468178
0.268687,0.127101,0.128136,0.476076
0.281489,0.118168,0.124021,0.476322
0.279675,0.118992,0.116255,0.485078
0.266074,0.116835,0.114576,0.502516
0.257877,0.116082,0.11382,0.512221
0.246196,0.109707,0.106238,0.537859
0.240601,0.109845,0.103526,0.546028
0.251085,0.107952,0.104582,0.536381
0.251213,0.109316,0.109032,0.530439
0.264424,0.109001,0.1111,0.515476
0.26373,0.114458,0.113607,0.508205
0.262097,0.120913,0.116193,0.500797
0.266379,0.125539,0.115885,0.492197
0.249058,0.125064,0.112701,0.513176
0.260669,0.122002,0.114464,0.502866
0.261084,0.119949,0.116379,0.502587
0.265669,0.113432,0.114024,0.506875
0.274593,0.11666,0.115575,0.493173
0.283686,0.116732,0.116733,0.48285
0.280782,0.125443,0.122072,0.471703
0.266452,0.133115,0.125956,0.474476
0.264114,0.135835,0.130513,0.469538
0.28101,0.137005,0.12761,0.454375
0.295753,0.134618,0.127334,0.442295
0.304865,0.135952,0.129056,0.430127
0.32325,0.134351,0.126214,0.416184
0.330452,0.13386,0.124224,0.411464
0.328208,0.140986,0.124013,0.406793
0.327711,0.14503,0.125572,0.401687
0.326495,0.146606,0.125519,0.40138
0.334754,0.142428,0.123797,0.39902
0.324268,0.139436,0.134116,0.40218
0.336688,0.137327,0.130793,0.395193
0.33971,0.139926,0.129915,0.390449
0.335875,0.141727,0.125354,0.397045
0.333176,0.152452,0.125002,0.389371
0.324394,0.162123,0.120996,0.392488
0.312037,0.156159,0.121586,0.410219
0.308607,0.151717,0.12367,0.416006
0.31862,0.140378,0.125269,0.415733
0.338386,0.135822,0.122051,0.403742
0.343769,0.132526,0.116285,0.40742
0.329223,0.132654,0.112934,0.42519
0.330827,0.135843,0.113577,0.419753
0.319783,0.14401,0.122124,0.414083
0.310022,0.13883,0.132736,0.418412
0.320263,0.132218,0.130065,0.417453
0.33244,0.134337,0.132015,0.401208
0.330247,0.13365,0.132427,0.403677
0.317781,0.144043,0.138882,0.399293
0.313712,0.155481,0.145312,0.385494
0.291011,0.157745,0.144549,0.406694
0.284719,0.166081,0.151428,0.397772
0.312517,0.16797,0.149472,0.370041
0.313294,0.160754,0.153159,0.372793
0.320224,0.15123,0.14604,0.382506
0.322976,0.142253,0.141726,0.393044
0.322326,0.147261,0.141662,0.388751
0.309106,0.14878,0.146098,0.396015
0.319751,0.148324,0.140958,0.390966
0.328304,0.149782,0.133161,0.388753
0.331444,0.143156,0.139043,0.386357
0.341355,0.141361,0.139261,0.378022
0.346997,0.1467,0.139804,0.366499
0.33576,0.140743,0.137243,0.386255
0.332842,0.142052,0.139633,0.385472
0.328615,0.148648,0.134798,0.387938
0.33361,0.149226,0.13331,0.383854
0.335372,0.148201,0.134828,0.381599
0.322717,0.150436,0.137844,0.389003
0.322042,0.137838,0.136443,0.403676
0.318172,0.138178,0.13329,0.41036
0.328528,0.132079,0.129012,0.410381
0.312612,0.13774,0.128937,0.420711
0.301944,0.136793,0.126204,0.43506
0.302298,0.137406,0.128351,0.431946
0.313767,0.138925,0.129095,0.418213
0.30914,0.137556,0.133599,0.419705
0.315131,0.129938,0.134418,0.420513
0.321434,0.120787,0.12744,0.430339
0.320048,0.122561,0.124091,0.4333
0.330558,0.117633,0.121627,0.430183
0.323004,0.12022,0.121311,0.435465
0.319909,0.120133,0.122524,0.437435
0.314082,0.123641,0.128867,0.43341
0.314158,0.12678,0.131467,0.427596
0.308751,0.119642,0.131557,0.44005
0.328656,0.113527,0.133985,0.423833
0.322922,0.109813,0.128522,0.438743
0.319911,0.11245,0.129185,0.438454
0.317905,0.110579,0.124251,0.447265
0.302565,0.123939,0.125297,0.448199
0.32098,0.12469,0.133041,0.421289
0.336008,0.119014,0.137457,0.407521
0.34144,0.110123,0.135357,0.41308
0.350424,0.10874,0.135783,0.405054
0.343462,0.106339,0.133629,0.416569
0.355128,0.105322,0.129862,0.409688
0.345142,0.111933,0.125053,0.417872
0.336216,0.122536,0.13633,0.404918
0.33079,0.116559,0.137425,0.415226
0.345773,0.110902,0.139356,0.40397
0.352443,0.112148,0.142829,0.39258
0.341557,0.11032,0.138346,0.409776
0.316866,0.119537,0.132593,0.431004
0.307687,0.122207,0.133923,0.436184
0.301786,0.127709,0.133638,0.436867
0.303645,0.127716,0.135134,0.433505
0.309986,0.129451,0.136153,0.42441
0.31635,0.125003,0.143233,0.415414
0.314966,0.122045,0.139835,0.423154
0.319556,0.114221,0.130681,0.435542
0.313571,0.111444,0.125241,0.449744
0.327718,0.113661,0.128036,0.430585
0.338911,0.114774,0.129042,0.417272
0.331757,0.119005,0.128326,0.420912
0.342084,0.118537,0.135917,0.403462
0.346408,0.111048,0.137096,0.405448
0.341411,0.105967,0.13087,0.421752
0.330395,0.113586,0.135804,0.420214
0.332396,0.112186,0.13239,0.423028
0.3317,0.112809,0.1325,0.422991
0.315592,0.116144,0.12549,0.442774
0.317008,0.112785,0.130712,0.439495
0.306846,0.115542,0.13808,0.439532
0.302904,0.109304,0.136867,0.450926
0.319259,0.107341,0.13259,0.44081
0.305494,0.103906,0.133246,0.457354
0.303061,0.110495,0.141514,0.44493
0.309527,0.122925,0.14061,0.426937
0.312891,0.121829,0.137859,0.427421
0.313972,0.131133,0.142502,0.412393
0.330417,0.123003,0.144132,0.402449
0.327365,0.114882,0.140872,0.416881
0.331247,0.119241,0.142245,0.407267
0.337414,0.111713,0.13927,0.411603
0.333297,0.118857,0.139944,0.407903
0.322098,0.126928,0.137757,0.413218
0.333028,0.119507,0.144488,0.402978
0.33924,0.122764,0.143292,0.394704
0.31966,0.125292,0.146589,0.408459
0.320721,0.121564,0.151668,0.406047
0.320539,0.12316,0.149945,0.406356
0.322966,0.127385,0.149931,0.399718
0.315653,0.134764,0.156262,0.393321
0.316842,0.13355,0.147727,0.401881
0.319371,0.136271,0.146124,0.398234
0.326123,0.136293,0.144347,0.393237
0.326572,0.132467,0.149986,0.390975
0.33424,0.127149,0.147482,0.391128
0.341418,0.122854,0.142779,0.392949
0.353034,0.121668,0.134884,0.390414
0.332536,0.125323,0.139192,0.402948
0.347912,0.128801,0.141339,0.381948
0.348359,0.128163,0.140944,0.382533
0.345297,0.133805,0.141955,0.378944
0.351326,0.130831,0.139509,0.378334
0.353402,0.123765,0.136209,0.386624
0.356889,0.123694,0.130613,0.388805
0.353598,0.13063,0.13081,0.384962
0.345317,0.130191,0.128278,0.396215
0.354083,0.122932,0.128481,0.394504
0.35439,0.12614,0.128562,0.390908
0.372689,0.119235,0.124523,0.383553
0.381747,0.115678,0.123806,0.378768
0.382472,0.108768,0.125184,0.383576
0.370523,0.114163,0.129462,0.385853
0.366072,0.116641,0.133531,0.383756
0.355974,0.119763,0.132991,0.391272
0.347847,0.126795,0.137828,0.387529
0.347643,0.128699,0.137287,0.386371
0.349179,0.131274,0.140006,0.379541
0.339311,0.122245,0.143648,0.394796
0.336069,0.126744,0.138789,0.398398
0.337051,0.131887,0.142857,0.388205
0.337441,0.124356,0.133567,0.404636
0.347604,0.125276,0.139207,0.387913
0.350523,0.122207,0.135298,0.391973
0.351714,0.12193,0.140837,0.385519
0.353386,0.122832,0.138937,0.384844
0.358021,0.118886,0.134771,0.388322
0.359164,0.11901,0.136352,0.385475
0.358978,0.119623,0.137542,0.383857
0.358375,0.120766,0.133875,0.386984
0.357516,0.123395,0.1372,0.381889
0.353602,0.12048,0.134915,0.391002
0.361278,0.11541,0.138423,0.384888
0.3644,0.115094,0.139496,0.38101
0.362347,0.119808,0.143313,0.374532
0.356317,0.128568,0.146943,0.368171
0.357375,0.12862,0.14469,0.369315
0.352732,0.129321,0.146691,0.371257
0.360929,0.127967,0.152436,0.358669
0.357853,0.130512,0.155395,0.35624
0.35404,0.134015,0.159726,0.352219
0.356813,0.127924,0.155174,0.360089
0.355471,0.124088,0.155035,0.365407
0.345048,0.125814,0.151035,0.378103
0.343071,0.131472,0.155794,0.369662
0.345728,0.128754,0.150823,0.374695
0.363367,0.121163,0.147995,0.367475
0.360059,0.123055,0.153011,0.363875
0.346048,0.136932,0.157097,0.359923
0.355827,0.136004,0.146837,0.361332
0.344587,0.146137,0.151857,0.35742
0.343833,0.161644,0.158388,0.336135
0.344453,0.154513,0.155419,0.345615
0.339561,0.175276,0.163704,0.321458
0.323485,0.171948,0.163038,0.341528
0.319866,0.171394,0.162536,0.346204
0.331723,0.173668,0.157958,0.336651
0.3256,0.167525,0.166889,0.339986
0.320093,0.168038,0.157044,0.354825
0.3048,0.164705,0.156757,0.373738
0.310119,0.15758,0.153312,0.378989
0.307161,0.162866,0.155231,0.374742
0.303205,0.164212,0.153566,0.379018
0.306085,0.168957,0.162104,0.362854
0.320863,0.148326,0.159609,0.371202
0.329287,0.151698,0.157793,0.361222
0.318029,0.150363,0.16308,0.368528
0.305514,0.158324,0.168137,0.368026
0.297381,0.158425,0.170518,0.373676
0.316991,0.151972,0.163434,0.367603
0.332404,0.144388,0.162933,0.360275
0.326909,0.146786,0.165401,0.360903
0.340341,0.135752,0.164381,0.359526
0.343633,0.135414,0.160612,0.360341
0.346568,0.140913,0.163232,0.349287
0.355835,0.128261,0.157657,0.358247
0.356988,0.135441,0.156225,0.351346
0.355884,0.132502,0.157511,0.354103
0.348982,0.136391,0.159768,0.354858
0.354139,0.132146,0.161548,0.352166
0.344291,0.134831,0.167991,0.352888
0.330229,0.138075,0.165523,0.366174
0.335225,0.139563,0.166626,0.358585
0.330863,0.14194,0.170043,0.357154
0.325592,0.149012,0.179197,0.346199
0.333782,0.146017,0.177181,0.34302
0.354651,0.136938,0.166814,0.341597
0.356849,0.141876,0.166377,0.334898
0.361844,0.137644,0.163503,0.33701
0.376689,0.134318,0.156009,0.332984
0.384603,0.131362,0.157363,0.326671
0.383136,0.127734,0.159903,0.329227
0.36695,0.130864,0.15882,0.343366
0.360611,0.120507,0.154585,0.364298
0.377605,0.116643,0.149969,0.355782
0.373169,0.114849,0.154475,0.357507
0.373966,0.113149,0.150113,0.362772
0.373652,0.113963,0.149199,0.363186
0.393072,0.114092,0.14998,0.342856
0.381057,0.111727,0.148324,0.358891
0.371833,0.118452,0.151547,0.358168
0.382562,0.120515,0.156968,0.339956
0.367896,0.118429,0.158634,0.355041
0.359397,0.116428,0.153373,0.370802
0.350118,0.116321,0.154221,0.37934
0.345942,0.120235,0.151989,0.381835
0.343955,0.121309,0.150059,0.384678
0.336699,0.12274,0.152534,0.388027
0.333302,0.130403,0.147842,0.388453
0.327323,0.136126,0.147874,0.388676
0.339634,0.129934,0.147918,0.382514
0.340128,0.132907,0.146719,0.380246
0.331148,0.127827,0.145405,0.395619
0.326196,0.134049,0.152757,0.386999
0.332726,0.133357,0.153863,0.380055
0.324972,0.13497,0.154261,0.385797
0.320798,0.140728,0.157532,0.380943
0.321458,0.138375,0.154594,0.385573
0.329522,0.133497,0.151673,0.385308
0.327544,0.135971,0.153924,0.382561
0.326993,0.136996,0.151306,0.384705
0.320649,0.140676,0.159525,0.379151
0.317072,0.131525,0.154423,0.39698
0.318449,0.142943,0.157107,0.381501
0.313353,0.145595,0.163532,0.37752
0.322678,0.145279,0.161396,0.370646
0.338993,0.142643,0.158321,0.360044
0.33607,0.141991,0.149143,0.372796
0.337358,0.147212,0.158845,0.356584
0.342634,0.146841,0.154027,0.356497
0.338828,0.144782,0.156782,0.359608
0.329001,0.142275,0.162939,0.365785
0.319574,0.148987,0.172681,0.358758
0.315139,0.156983,0.169663,0.358215
0.315312,0.154891,0.16485,0.364948
0.320872,0.149168,0.161161,0.368799
0.329115,0.148423,0.150588,0.371873
0.338898,0.145776,0.156237,0.359089
0.336548,0.139982,0.15227,0.3712
0.343219,0.134369,0.161549,0.360863
0.342585,0.137534,0.153169,0.366712
0.341,0.128012,0.153034,0.377955
0.350604,0.125123,0.154424,0.369849
0.342649,0.123135,0.149999,0.384216
0.334246,0.120807,0.152511,0.392436
0.322237,0.13342,0.155767,0.388576
0.309767,0.13096,0.159475,0.399798
0.310176,0.139109,0.161413,0.389302
0.301866,0.136806,0.167267,0.39406
0.294989,0.137718,0.168111,0.399183
0.303793,0.133239,0.169064,0.393904
0.319351,0.129739,0.163377,0.387533
0.317032,0.135581,0.164043,0.383345
0.303176,0.127159,0.159125,0.41054
0.300853,0.135315,0.166298,0.397534
0.311146,0.134151,0.163803,0.390901
0.295524,0.12896,0.161788,0.413729
0.289548,0.133133,0.167944,0.409375
0.28357,0.142773,0.177583,0.396074
0.287847,0.138177,0.173486,0.40049
0.279713,0.145843,0.173425,0.401019
0.286854,0.143204,0.168057,0.401886
0.290327,0.14115,0.164996,0.403527
0.300303,0.142541,0.162408,0.394749
0.300683,0.144628,0.168565,0.386124
0.308374,0.144866,0.16876,0.378
0.311387,0.139187,0.170054,0.379372
0.311657,0.138299,0.172096,0.377948
0.329344,0.135285,0.172752,0.362619
0.312175,0.13636,0.169005,0.38246
0.318847,0.14375,0.173261,0.364143
0.317704,0.144252,0.164775,0.37327
0.308192,0.149247,0.169943,0.372618
0.305351,0.152275,0.168633,0.373742
0.310182,0.148104,0.161823,0.37989
0.323305,0.148218,0.160191,0.368287
0.319139,0.155023,0.157539,0.368299
0.305956,0.168383,0.16167,0.363991
0.308587,0.169956,0.160327,0.361131
0.322117,0.159909,0.155001,0.362973
0.323777,0.150868,0.156663,0.368693
0.321271,0.151634,0.156426,0.370669
0.33739,0.152287,0.154122,0.356201
0.335846,0.14557,0.148065,0.370519
0.33325,0.146241,0.14438,0.376129
0.326415,0.152559,0.153841,0.367185
0.312099,0.153624,0.152665,0.381611
0.329658,0.157793,0.156345,0.356204
0.324774,0.157442,0.159901,0.357883
0.331192,0.155157,0.158161,0.35549
0.327696,0.168967,0.161261,0.342076
0.329349,0.159557,0.160705,0.350389
0.322576,0.166678,0.161165,0.349581
0.318762,0.163304,0.161298,0.356635
0.321216,0.16102,0.161267,0.356497
0.321342,0.156911,0.161804,0.359943
0.307516,0.158738,0.162195,0.37155
0.30366,0.16597,0.1591,0.371269
0.297911,0.163567,0.159563,0.378959
0.299189,0.162978,0.169941,0.367892
0.308549,0.16417,0.173732,0.353548
0.291894,0.16725,0.174149,0.366707
0.295625,0.171768,0.180214,0.352393
0.298997,0.170155,0.17568,0.355168
0.296682,0.169871,0.18125,0.352196
0.305398,0.152732,0.182756,0.359115
0.315885,0.15086,0.177245,0.35601
0.317688,0.162023,0.164937,0.355352
0.326716,0.156225,0.166993,0.350066
0.303926,0.163127,0.167742,0.365204
0.30681,0.156978,0.172772,0.363439
0.300984,0.159378,0.177162,0.362476
0.298989,0.1585,0.177908,0.364603
0.304328,0.156899,0.175981,0.362791
0.293842,0.17031,0.175807,0.360042
0.292773,0.178729,0.176898,0.3516
0.297545,0.177012,0.172642,0.352801
0.312894,0.175531,0.165004,0.346571
0.312287,0.180112,0.16348,0.344121
0.325611,0.17106,0.163932,0.339397
0.337663,0.162179,0.169362,0.330796
0.348133,0.155263,0.16609,0.330514
0.340023,0.148638,0.17035,0.340989
0.349963,0.14573,0.169568,0.334738
0.345953,0.146439,0.170507,0.337101
0.344133,0.13766,0.174919,0.343288
0.339503,0.15401,0.173581,0.332906
0.331108,0.151127,0.173573,0.344192
0.326184,0.152323,0.175039,0.346454
0.333395,0.154881,0.168291,0.343433
0.329029,0.150094,0.176192,0.344684
0.335396,0.153668,0.162508,0.348427
0.342406,0.150072,0.167271,0.34025
0.336357,0.156396,0.16901,0.338237
0.340225,0.157429,0.169528,0.332817
0.334257,0.162296,0.163053,0.340394
0.346505,0.149014,0.165528,0.338953
0.345687,0.137616,0.167949,0.348747
0.338886,0.146602,0.165699,0.348813
0.353248,0.142803,0.160921,0.343029
0.36397,0.135566,0.16125,0.339215
0.354017,0.142573,0.158441,0.344969
0.355113,0.14264,0.169447,0.3328
0.356891,0.142993,0.170291,0.329826
0.355624,0.135294,0.16018,0.348902
0.358547,0.126335,0.154602,0.360517
0.354791,0.127653,0.151377,0.366178
0.359144,0.128794,0.148239,0.363823
0.353548,0.124598,0.149833,0.372021
0.348819,0.120714,0.148965,0.381502
0.344174,0.126351,0.158859,0.370615
0.348438,0.124814,0.157224,0.369524
0.355346,0.127592,0.158628,0.358434
0.348314,0.128412,0.16262,0.360653
0.347894,0.129372,0.163364,0.35937
0.339395,0.130481,0.16245,0.367675
0.337981,0.130357,0.160619,0.371043
0.341888,0.13023,0.160474,0.367407
0.341176,0.132308,0.157608,0.368908
0.331706,0.134315,0.16369,0.37029
0.326013,0.141487,0.170753,0.361748
0.31982,0.13744,0.168943,0.373798
0.325921,0.141931,0.171623,0.360525
0.333613,0.142984,0.171262,0.352141
0.326146,0.149335,0.16483,0.359689
0.323649,0.145554,0.159632,0.371165
0.323058,0.148687,0.164655,0.363601
0.321093,0.146345,0.165178,0.367384
0.325048,0.147414,0.167609,0.359929
0.327609,0.146726,0.17254,0.353125
0.333529,0.143742,0.172083,0.350645
0.333738,0.144487,0.171827,0.349948
0.33155,0.143705,0.167228,0.357517
0.333892,0.133731,0.161282,0.371095
0.327855,0.13395,0.159885,0.37831
0.325599,0.127843,0.154057,0.392501
0.315992,0.13384,0.156808,0.39336
0.313983,0.136409,0.161071,0.388537
0.312951,0.139159,0.160498,0.387392
0.297616,0.14977,0.162533,0.390081
0.29186,0.163192,0.164549,0.380399
0.304259,0.159405,0.168232,0.368105
0.307537,0.152268,0.156628,0.383567
0.292358,0.163533,0.166002,0.378107
0.290948,0.16242,0.165001,0.381631
0.300037,0.152976,0.171085,0.375902
0.302998,0.148397,0.167715,0.380891
0.313371,0.147697,0.173412,0.36552
0.325462,0.136316,0.169492,0.368729
0.339301,0.13643,0.16909,0.355178
0.340202,0.13822,0.171957,0.349622
0.323243,0.146488,0.169839,0.360429
0.323051,0.144554,0.17275,0.359645
0.321588,0.138873,0.170643,0.368896
0.335841,0.130203,0.162722,0.371234
0.328033,0.136663,0.165931,0.369373
0.329559,0.137774,0.173573,0.359094
0.334852,0.139267,0.178344,0.347536
0.316412,0.139055,0.182239,0.362294
0.317626,0.143372,0.179,0.360002
0.31665,0.142925,0.179108,0.361317
0.323674,0.14469,0.177927,0.353709
0.319298,0.141826,0.168524,0.370352
0.327288,0.137861,0.1674,0.367451
0.314945,0.152473,0.183834,0.348748
0.309397,0.145264,0.186229,0.35911
0.310486,0.1411,0.181577,0.366837
0.320588,0.141309,0.175648,0.362455
0.33103,0.138737,0.174278,0.355955
0.338983,0.128348,0.163114,0.369555
0.33785,0.123333,0.15792,0.380898
0.346696,0.122996,0.159311,0.370997
0.342103,0.124039,0.155263,0.378595
0.344327,0.122546,0.154885,0.378243
0.347619,0.124236,0.161393,0.366752
0.338366,0.12616,0.162393,0.373081
0.339385,0.127022,0.163892,0.369701
0.322548,0.130062,0.171055,0.376335
0.324423,0.126555,0.164463,0.384559
0.3451,0.121993,0.155391,0.377516
0.33941,0.123103,0.156224,0.381263
0.337386,0.12135,0.154002,0.387262
0.341604,0.123875,0.149695,0.384827
0.352303,0.113027,0.144121,0.390549
0.355303,0.113477,0.143284,0.387936
0.354317,0.114238,0.149446,0.381998
0.362223,0.114088,0.147451,0.376238
0.358921,0.118023,0.145349,0.377707
0.353816,0.118773,0.148008,0.379403
0.349106,0.122505,0.154413,0.373976
0.346745,0.122972,0.15203,0.378253
0.354409,0.119876,0.152763,0.372952
0.348086,0.128943,0.162291,0.360679
0.340657,0.134422,0.161338,0.363583
0.342511,0.140904,0.161585,0.355
0.355539,0.148616,0.166856,0.328989
0.355713,0.143009,0.163137,0.338141
0.346346,0.138629,0.159088,0.355936
0.346897,0.139685,0.164405,0.349013
0.353375,0.146884,0.159497,0.340244
0.351098,0.142782,0.154149,0.351971
0.34778,0.161387,0.165472,0.325361
0.358155,0.141292,0.163241,0.337312
0.35737,0.14015,0.158989,0.343491
0.354308,0.15298,0.17152,0.321192
0.333352,0.150033,0.180136,0.336479
0.329201,0.154057,0.178522,0.338219
0.336418,0.156243,0.171955,0.335384
0.330589,0.154559,0.172518,0.342334
0.321511,0.148806,0.171823,0.35786
0.330192,0.14189,0.168072,0.359846
0.329192,0.148208,0.169573,0.353028
0.312186,0.155935,0.170881,0.360998
0.321225,0.156477,0.175316,0.346983
0.311208,0.157112,0.174999,0.356681
0.314886,0.152838,0.180013,0.352262
0.299328,0.15533,0.17818,0.367161
0.319371,0.155486,0.175431,0.349713
0.316519,0.15014,0.176419,0.356922
0.307326,0.148803,0.172734,0.371137
0.308213,0.153008,0.17757,0.361208
0.314228,0.153899,0.173468,0.358405
0.309119,0.147739,0.175292,0.367851
0.315439,0.141332,0.172325,0.370904
0.318805,0.139915,0.164662,0.376618
0.310838,0.143628,0.168364,0.377169
0.320877,0.138749,0.164348,0.376026
0.308178,0.147293,0.16709,0.377439
0.313791,0.144863,0.169331,0.372015
0.314949,0.14512,0.180322,0.35961
0.311806,0.143513,0.183076,0.361605
0.307826,0.142974,0.174782,0.374419
0.316952,0.140158,0.173943,0.368948
0.312465,0.14536,0.175059,0.367116
0.317391,0.143368,0.170498,0.368743
0.322383,0.140331,0.170646,0.36664
0.311487,0.147188,0.171701,0.369623
0.301231,0.155189,0.180346,0.363234
0.305984,0.154346,0.181825,0.357846
0.323266,0.146972,0.183409,0.346353
0.327811,0.145128,0.176435,0.350626
0.321929,0.152348,0.181633,0.34409
0.319125,0.160686,0.185733,0.334456
0.320222,0.162569,0.188066,0.329143
0.312038,0.165646,0.183059,0.339258
0.304902,0.167602,0.189725,0.337771
0.307869,0.162865,0.18554,0.343725
0.316563,0.154788,0.18588,0.342769
0.319007,0.159694,0.183323,0.337976
0.333765,0.15077,0.174123,0.341342
0.334168,0.147807,0.177659,0.340365
0.332972,0.148356,0.175313,0.343358
0.346818,0.15244,0.17086,0.329881
0.337646,0.143799,0.164704,0.353852
0.342174,0.13323,0.172502,0.352095
0.345156,0.131558,0.169592,0.353694
0.345049,0.13367,0.165782,0.355499
0.338982,0.145691,0.157539,0.357788
0.324708,0.155438,0.174803,0.345052
0.320109,0.153094,0.168904,0.357894
0.319312,0.16402,0.171222,0.345445
0.315433,0.163282,0.163525,0.357761
0.332723,0.155297,0.169133,0.342846
0.335301,0.152475,0.165903,0.346321
0.326299,0.14643,0.164021,0.36325
0.334818,0.150619,0.165124,0.349439
0.344825,0.144081,0.162283,0.34881
0.342269,0.150374,0.158586,0.348771
0.336301,0.152032,0.160056,0.351612
0.326985,0.144861,0.167455,0.3607
0.33351,0.144752,0.169164,0.352573
0.337134,0.140271,0.166915,0.355681
0.336036,0.138562,0.159024,0.366377
0.343528,0.149565,0.163276,0.343631
0.338265,0.146654,0.158262,0.356819
0.339807,0.149787,0.162366,0.34804
0.334851,0.147753,0.158393,0.359004
0.344121,0.142758,0.163646,0.349475
0.344935,0.140443,0.160351,0.354272
0.343999,0.133107,0.165891,0.357003
0.347032,0.138285,0.163512,0.351171
0.352196,0.137365,0.170394,0.340045
0.341438,0.141696,0.173373,0.343494
0.342084,0.140921,0.173617,0.343378
0.354615,0.12935,0.173208,0.342826
0.35364,0.131985,0.179152,0.335223
0.343983,0.136798,0.181511,0.337709
0.348705,0.131483,0.178311,0.341501
0.340083,0.153599,0.181812,0.324506
0.329826,0.151051,0.180348,0.338775
0.323298,0.160285,0.18383,0.332587
0.329806,0.152491,0.174525,0.343178
0.320878,0.167822,0.177335,0.333965
0.320763,0.175593,0.176919,0.326725
0.339167,0.160371,0.171439,0.329023
0.335381,0.168013,0.175698,0.320908
0.353558,0.15644,0.171497,0.318505
0.360321,0.159368,0.163678,0.316633
0.358369,0.151029,0.167579,0.323023
0.364044,0.151545,0.169421,0.31499
0.364558,0.154504,0.159779,0.321158
0.351923,0.164508,0.157478,0.326091
0.345473,0.161146,0.160396,0.332985
0.343901,0.149924,0.161759,0.344416
0.351671,0.141897,0.158909,0.347522
0.347374,0.145895,0.159201,0.34753
0.357688,0.133349,0.155221,0.353742
0.361919,0.128295,0.155346,0.35444
0.360033,0.123761,0.15584,0.360366
0.358353,0.127109,0.156551,0.357986
0.357455,0.122526,0.154444,0.365574
0.348103,0.126594,0.160614,0.364688
0.357881,0.123134,0.160849,0.358137
0.354282,0.124901,0.163482,0.357335
0.347014,0.129579,0.167774,0.355633
0.351599,0.128844,0.161985,0.357571
0.35719,0.128417,0.160505,0.353887
0.356131,0.129774,0.159724,0.354371
0.360596,0.126228,0.159969,0.353208
0.372394,0.124549,0.154084,0.348974
0.361431,0.125681,0.154533,0.358355
0.356995,0.12591,0.156097,0.360999
0.35079,0.131084,0.161435,0.356691
0.343019,0.12958,0.161811,0.36559
0.340446,0.13224,0.161948,0.365366
0.338295,0.141164,0.163638,0.356903
0.343736,0.142048,0.167253,0.346963
0.348045,0.137532,0.168178,0.346246
0.362511,0.129772,0.162339,0.345378
0.365319,0.1358,0.158113,0.340769
0.362329,0.140259,0.159225,0.338187
0.353792,0.141682,0.159809,0.344717
0.347631,0.142847,0.158765,0.350757
0.344247,0.139079,0.158927,0.357747
0.340244,0.140295,0.157426,0.362035
0.333443,0.148806,0.160345,0.357405
0.325454,0.146472,0.152364,0.375711
0.320988,0.156537,0.157277,0.365198
0.315136,0.157412,0.15327,0.374181
0.306619,0.164903,0.149425,0.379052
0.308018,0.168963,0.147487,0.375532
0.320165,0.167246,0.155209,0.35738
0.318998,0.170402,0.153653,0.356947
0.329872,0.161734,0.155517,0.352877
0.327939,0.165754,0.152746,0.353561
0.331305,0.157358,0.155704,0.355633
0.338654,0.143339,0.155518,0.362489
0.341394,0.141612,0.154606,0.362389
0.344609,0.145541,0.152043,0.357807
0.34656,0.135921,0.155352,0.362167
0.351033,0.136164,0.152209,0.360594
0.353356,0.130362,0.153107,0.363175
0.350136,0.132934,0.154156,0.362774
0.340058,0.140215,0.148472,0.371255
0.344286,0.136856,0.148677,0.370181
0.335235,0.141424,0.151526,0.371815
0.332641,0.139085,0.154611,0.373663
0.332998,0.139806,0.158561,0.368635
0.328085,0.144336,0.16161,0.365969
0.326432,0.141719,0.167849,0.364
0.326995,0.140221,0.167319,0.365466
0.330124,0.139415,0.158755,0.371706
0.33084,0.147145,0.157477,0.364538
0.32328,0.149644,0.161432,0.365643
0.329949,0.148385,0.156844,0.364822
0.324644,0.155657,0.159269,0.36043
0.329484,0.15581,0.160784,0.353922
0.325858,0.164553,0.163849,0.345739
0.328912,0.158121,0.155303,0.357665
0.32594,0.172047,0.155321,0.346693
0.333737,0.157388,0.152496,0.356379
0.330626,0.156274,0.157744,0.355356
0.323998,0.159362,0.153559,0.363081
0.327037,0.147963,0.155198,0.369802
0.336868,0.140467,0.152563,0.370102
0.329945,0.146214,0.153375,0.370466
0.336648,0.145222,0.155068,0.363063
0.338471,0.142518,0.155816,0.363194
0.331398,0.141518,0.155836,0.371247
0.330368,0.143798,0.159605,0.36623
0.337997,0.138385,0.156515,0.367103
0.344676,0.125273,0.151719,0.378331
0.338023,0.126921,0.148371,0.386685
0.339148,0.119544,0.147409,0.393899
0.343136,0.111085,0.142588,0.403191
0.340881,0.111065,0.144202,0.403852
0.334384,0.109163,0.143798,0.412654
0.334023,0.112904,0.145175,0.407897
0.327871,0.111679,0.144799,0.415652
0.322787,0.114441,0.146501,0.41627
0.329232,0.116447,0.150317,0.404004
0.319253,0.118405,0.156488,0.405854
0.319931,0.118505,0.157268,0.404296
0.326375,0.114561,0.156086,0.402978
0.322647,0.117236,0.153419,0.406698
0.318713,0.117906,0.156544,0.406837
0.305162,0.11867,0.158242,0.417926
0.314984,0.119338,0.159601,0.406077
0.328006,0.117998,0.152287,0.40171
0.343194,0.118845,0.158078,0.379883
0.332793,0.118748,0.150876,0.397583
0.342458,0.12049,0.152825,0.384227
0.337615,0.12509,0.163526,0.373769
0.346644,0.121837,0.157281,0.374239
0.356154,0.126935,0.166082,0.350828
0.357821,0.128352,0.166192,0.347635
0.355944,0.127147,0.165813,0.351095
0.362403,0.132027,0.159716,0.345853
0.383977,0.1388,0.163271,0.313951
0.380971,0.137727,0.162065,0.319237
0.370637,0.131702,0.161913,0.335749
0.377427,0.139705,0.156811,0.326057
0.389476,0.136651,0.157051,0.316822
0.381339,0.133521,0.151227,0.333913
0.401922,0.142421,0.14826,0.307398
0.399553,0.135842,0.148408,0.316198
0.405115,0.128692,0.150982,0.315211
0.400722,0.121826,0.149456,0.327997
0.394482,0.12309,0.145815,0.336614
0.401034,0.119228,0.14537,0.334368
0.402638,0.125609,0.149418,0.322335
0.39142,0.118879,0.149964,0.339737
0.383433,0.115415,0.147498,0.353654
0.380997,0.1175,0.155924,0.345579
0.382733,0.116737,0.146547,0.353983
0.359086,0.121785,0.145081,0.374047
0.344383,0.119443,0.14584,0.390334
0.340242,0.12062,0.147658,0.391481
0.332917,0.118696,0.148102,0.400285
0.326146,0.121,0.145657,0.407197
0.324313,0.121943,0.146702,0.407041
0.323868,0.124014,0.146413,0.405705
0.330031,0.126886,0.152484,0.390598
0.314829,0.132016,0.155099,0.398055
0.32252,0.132186,0.157303,0.38799
0.318808,0.127661,0.157601,0.39593
0.304505,0.130708,0.15751,0.407277
0.316535,0.132063,0.15226,0.399142
0.319536,0.134381,0.151389,0.394694
0.331239,0.126281,0.147116,0.395363
0.328601,0.122619,0.147584,0.401196
0.33538,0.125217,0.153448,0.385955
0.338881,0.132874,0.153997,0.374248
0.331318,0.138952,0.15544,0.37429
0.315436,0.141041,0.158068,0.385455
0.334462,0.137081,0.158507,0.36995
0.33869,0.135813,0.157074,0.368423
0.351337,0.139691,0.154443,0.354529
0.369494,0.137303,0.154352,0.338851
0.364013,0.138151,0.151699,0.346138
0.358009,0.149547,0.150268,0.342176
0.354204,0.154456,0.150536,0.340804
0.344311,0.149163,0.152406,0.35412
0.346248,0.142907,0.152278,0.358567
0.351041,0.14,0.152573,0.356386
0.349364,0.149536,0.153637,0.347463
0.353921,0.159952,0.15235,0.333776
0.35678,0.157467,0.150754,0.334999
0.316142,0.165681,0.147068,0.371109
0.316441,0.159242,0.15409,0.370227
0.341969,0.15417,0.156779,0.347082
0.321586,0.163024,0.155548,0.359842
0.314092,0.159467,0.159509,0.366932
0.335525,0.157073,0.148614,0.358788
0.339147,0.15549,0.154175,0.351188
0.329499,0.156093,0.155359,0.359049
0.325539,0.153152,0.151809,0.369499
0.320463,0.149331,0.152454,0.377752
0.323179,0.145443,0.146925,0.384452
0.318776,0.149367,0.15232,0.379537
0.315611,0.140122,0.147274,0.396992
0.320001,0.140549,0.149092,0.390358
0.312773,0.136268,0.14906,0.401899
0.296001,0.139276,0.146201,0.418522
0.308636,0.136127,0.148884,0.406353
0.302584,0.132983,0.1499,0.414533
0.305595,0.135251,0.152039,0.407114
0.303443,0.138398,0.149669,0.40849
0.294451,0.135913,0.156193,0.413444
0.291329,0.135748,0.151009,0.421913
0.289624,0.141645,0.151681,0.417051
0.297339,0.147097,0.157896,0.397668
0.298455,0.142594,0.146834,0.412117
0.285679,0.146539,0.155404,0.412378
0.300926,0.140729,0.14882,0.409525
0.296711,0.134603,0.147672,0.421014
0.307423,0.137684,0.146046,0.408847
0.29765,0.134528,0.147786,0.420035
0.308589,0.135677,0.146735,0.408999
0.302017,0.135424,0.147156,0.415403
0.304984,0.139081,0.153931,0.402005
0.333273,0.140132,0.153373,0.373222
0.331085,0.130156,0.139517,0.399242
0.324986,0.126522,0.140191,0.408302
0.320504,0.12485,0.143037,0.411608
0.320712,0.126373,0.140631,0.412284
0.320226,0.128638,0.142813,0.408322
0.306073,0.12826,0.13993,0.425737
0.295336,0.151184,0.139827,0.413653
0.286072,0.141268,0.144775,0.427885
0.298168,0.137116,0.145185,0.419531
0.298174,0.138509,0.144046,0.419271
0.290481,0.128119,0.12737,0.45403
0.305331,0.129255,0.13885,0.426564
0.292528,0.123834,0.132433,0.451205
0.289847,0.127927,0.133556,0.44867
0.283671,0.135599,0.137786,0.442944
0.280905,0.132815,0.135631,0.45065
0.287602,0.124411,0.137345,0.450641
0.291522,0.125113,0.130799,0.452566
0.283487,0.125738,0.12039,0.470385
0.288394,0.121853,0.123608,0.466145
0.278601,0.117028,0.118727,0.485644
0.276103,0.13177,0.117644,0.474483
0.274814,0.127658,0.118573,0.478955
0.273672,0.129866,0.119933,0.476529
0.278683,0.130678,0.118485,0.472154
0.27307,0.133561,0.117269,0.4761
0.275829,0.129661,0.120526,0.473985
0.271922,0.120783,0.111974,0.495321
0.269207,0.129579,0.113317,0.487897
0.270133,0.136642,0.121247,0.471978
0.271728,0.133166,0.128045,0.467061
0.263161,0.121721,0.116461,0.498657
0.259706,0.129494,0.120542,0.490258
0.266365,0.132742,0.122788,0.478105
0.271175,0.129565,0.124867,0.474394
0.273911,0.129824,0.126372,0.469893
0.275806,0.137355,0.122936,0.463903
0.285502,0.139161,0.127433,0.447904
0.280625,0.135486,0.126962,0.456927
0.286928,0.13233,0.134703,0.446038
0.290649,0.139375,0.137656,0.432321
0.283654,0.133532,0.135972,0.446842
0.290778,0.13289,0.134197,0.442136
0.302585,0.136017,0.136497,0.424901
0.302747,0.132346,0.133291,0.431616
0.311376,0.134502,0.128334,0.425788
0.305903,0.131699,0.126275,0.436122
0.307568,0.135716,0.124806,0.43191
0.291274,0.131271,0.12617,0.451285
0.305817,0.124412,0.124906,0.444865
0.312718,0.132807,0.122661,0.431813
0.304477,0.136536,0.135511,0.423475
0.303375,0.13679,0.126255,0.433579
0.321658,0.129218,0.12698,0.422144
0.305985,0.128749,0.125194,0.440072
0.307973,0.136263,0.129609,0.426155
0.325591,0.133395,0.130633,0.410381
0.327384,0.129176,0.123968,0.419473
0.313594,0.123227,0.125332,0.437847
0.313299,0.128985,0.128437,0.429279
0.31219,0.133757,0.135575,0.418478
0.310456,0.149208,0.146283,0.394054
0.315614,0.141234,0.143474,0.399678
0.331106,0.143125,0.141776,0.383993
0.317923,0.137795,0.140079,0.404202
0.329876,0.141184,0.14024,0.3887
0.341266,0.13886,0.13444,0.385434
0.329439,0.139797,0.139621,0.391143
0.32856,0.15157,0.138332,0.381538
0.331463,0.143896,0.139795,0.384845
0.326356,0.152194,0.134597,0.386853
0.330569,0.144023,0.134928,0.39048
0.332945,0.146585,0.130662,0.389808
0.331155,0.141784,0.133061,0.394
0.332563,0.13739,0.133026,0.397021
0.329939,0.148099,0.139148,0.382814
0.324213,0.147319,0.138282,0.390186
0.330755,0.149843,0.141071,0.378331
0.337375,0.151244,0.141576,0.369804
0.346549,0.145751,0.13813,0.369569
0.347837,0.147466,0.139198,0.365499
0.347781,0.143949,0.132021,0.376249
0.350349,0.144793,0.129877,0.37498
0.343719,0.152584,0.132724,0.370974
0.371475,0.142731,0.129231,0.356563
0.374742,0.138829,0.130395,0.356034
0.346814,0.141519,0.132972,0.378695
0.352921,0.138435,0.134741,0.373903
0.352914,0.140509,0.127708,0.378869
0.352871,0.139895,0.129967,0.377267
0.348297,0.148343,0.136608,0.366751
0.361621,0.145537,0.138119,0.354723
0.358277,0.145807,0.137117,0.358799
0.345695,0.146983,0.146288,0.361034
0.346428,0.147589,0.142898,0.363085
0.336654,0.156616,0.150287,0.356444
0.344825,0.139158,0.15425,0.361767
0.337736,0.152496,0.152993,0.356776
0.332324,0.157471,0.156848,0.353357
0.34793,0.14219,0.15368,0.3562
0.344087,0.143886,0.15239,0.359636
0.341448,0.145796,0.150578,0.362179
0.344857,0.139812,0.146777,0.368554
0.331622,0.149419,0.158791,0.360169
0.338173,0.145647,0.154919,0.361261
0.335615,0.139391,0.15044,0.374554
0.330903,0.142043,0.148461,0.378592
0.34223,0.14154,0.14779,0.36844
0.330585,0.148361,0.154737,0.366317
0.317378,0.141929,0.151752,0.388941
0.309919,0.137956,0.152973,0.399152
0.330212,0.13305,0.156854,0.379884
0.330699,0.134721,0.148912,0.385669
0.345502,0.135149,0.144326,0.375024
0.333196,0.127491,0.150255,0.389059
0.326565,0.128446,0.15347,0.391519
0.331961,0.134021,0.154985,0.379034
0.309105,0.133231,0.149155,0.40851
0.306547,0.131486,0.149273,0.412693
0.314963,0.12422,0.147806,0.413011
0.322046,0.123729,0.146398,0.407826
0.312833,0.12758,0.151958,0.40763
0.312832,0.131511,0.15771,0.397947
0.32904,0.130896,0.147034,0.393031
0.31702,0.131465,0.152374,0.39914
0.327608,0.134998,0.152865,0.38453
0.334915,0.14104,0.155511,0.368534
0.335526,0.124272,0.152774,0.387427
0.338208,0.130945,0.151171,0.379676
0.335367,0.138396,0.153435,0.372801
0.352047,0.135866,0.152346,0.359741
0.340591,0.135781,0.15891,0.364718
0.32921,0.140904,0.162805,0.36708
0.327774,0.138953,0.164983,0.36829
0.332817,0.14083,0.159376,0.366976
0.342617,0.138733,0.164299,0.354351
0.342876,0.132703,0.160796,0.363625
0.347086,0.140605,0.158401,0.353908
0.346225,0.126503,0.16322,0.364051
0.339382,0.126637,0.158011,0.375971
0.336829,0.135802,0.156853,0.370515
0.333685,0.130568,0.158726,0.377021
0.344244,0.135057,0.160847,0.359852
0.323642,0.12991,0.16093,0.385518
0.322148,0.12947,0.158934,0.389448
0.33915,0.134641,0.165342,0.360867
0.343282,0.130865,0.159225,0.366628
0.347822,0.128502,0.155668,0.368007
0.341263,0.137093,0.160139,0.361505
0.337706,0.134768,0.155092,0.372435
0.340145,0.14178,0.15945,0.358626
0.346584,0.133407,0.16371,0.356299
0.347357,0.13104,0.158452,0.363151
0.351312,0.132425,0.16101,0.355254
0.344495,0.127403,0.160531,0.367571
0.340461,0.131673,0.160075,0.367791
0.341001,0.13694,0.163568,0.358491
0.33523,0.134358,0.157294,0.373118
0.320811,0.140798,0.163281,0.37511
0.32236,0.143345,0.166993,0.367302
0.319722,0.148678,0.168988,0.362612
0.342978,0.150315,0.165371,0.341336
0.339188,0.145158,0.16171,0.353943
0.312341,0.156216,0.169619,0.361824
0.321821,0.154759,0.164851,0.358568
0.315219,0.155798,0.164092,0.36489
0.324161,0.156334,0.163818,0.355687
0.328255,0.148878,0.161447,0.361419
0.333112,0.151893,0.156884,0.35811
0.33537,0.160767,0.161825,0.342038
0.331359,0.156954,0.161354,0.350333
0.323334,0.161893,0.166764,0.348009
0.335789,0.150782,0.162403,0.351026
0.330494,0.166396,0.16381,0.3393
0.33999,0.164256,0.158619,0.337136
0.321467,0.164478,0.165733,0.348322
0.31396,0.158792,0.17178,0.355467
0.330822,0.149767,0.169347,0.350064
0.32597,0.172508,0.166762,0.33476
0.330043,0.169009,0.170078,0.33087
0.324791,0.174097,0.164532,0.33658
0.315517,0.167183,0.172943,0.344358
0.314708,0.172652,0.171473,0.341168
0.316481,0.163707,0.162411,0.357401
0.322977,0.158431,0.162104,0.356488
0.325001,0.158126,0.165839,0.351035
0.324203,0.165704,0.169683,0.34041
0.322813,0.17833,0.175526,0.323331
0.327788,0.164989,0.167766,0.339457
0.328385,0.173479,0.166141,0.331994
0.344177,0.159805,0.162984,0.333034
0.367256,0.150098,0.158322,0.324324
0.365925,0.15705,0.15645,0.320575
0.366498,0.152697,0.152858,0.327947
0.353942,0.163965,0.15562,0.326474
0.348001,0.167249,0.153997,0.330753
0.353507,0.16392,0.157497,0.325076
0.340023,0.172702,0.161629,0.325645
0.33655,0.159009,0.170372,0.334069
0.328827,0.158126,0.16293,0.350117
0.331161,0.158069,0.164015,0.346755
0.32052,0.165085,0.164734,0.349661
0.30607,0.178278,0.161745,0.353907
0.3109,0.17938,0.165239,0.344481
0.318193,0.166762,0.173414,0.341631
0.315066,0.165826,0.169721,0.349387
0.305222,0.16774,0.17338,0.353658
0.316194,0.160603,0.169518,0.353685
0.327685,0.158841,0.173166,0.340308
0.335926,0.150354,0.163414,0.350306
0.334273,0.141347,0.154802,0.369578
0.333383,0.15024,0.158005,0.358371
0.334479,0.145836,0.159421,0.360265
0.337991,0.143207,0.158637,0.360165
0.339594,0.146996,0.156986,0.356424
0.338752,0.134175,0.152421,0.374652
0.344551,0.132505,0.153831,0.369113
0.332635,0.136151,0.151791,0.379423
0.338859,0.132265,0.152075,0.376801
0.329427,0.136211,0.155718,0.378644
0.329949,0.13306,0.160674,0.376317
0.324838,0.133085,0.164125,0.377952
0.328748,0.135684,0.16729,0.368278
0.328392,0.143185,0.167466,0.360957
0.330408,0.13153,0.161295,0.376767
0.324927,0.136472,0.162185,0.376416
0.325441,0.128437,0.159926,0.386196
0.328665,0.12381,0.155561,0.391964
0.326879,0.124255,0.159196,0.38967
0.329718,0.12717,0.15923,0.383882
0.325847,0.128806,0.160293,0.385054
0.327538,0.136733,0.160431,0.375298
0.323706,0.137615,0.163059,0.37562
0.330036,0.132073,0.168523,0.369368
0.334365,0.129601,0.159473,0.376561
0.344037,0.127317,0.167112,0.361535
0.346557,0.133742,0.165352,0.354348
0.337016,0.131952,0.162885,0.368147
0.336889,0.131666,0.166068,0.365377
0.333101,0.134756,0.166479,0.365665
0.334337,0.132987,0.163359,0.369318
0.347346,0.127409,0.161582,0.363663
0.354005,0.130979,0.161325,0.353691
0.34772,0.127513,0.163497,0.36127
0.342789,0.131902,0.165929,0.35938
0.334812,0.131118,0.163489,0.370581
0.338348,0.14293,0.161009,0.357713
0.335455,0.133262,0.163992,0.367291
0.331845,0.13821,0.160777,0.369168
0.329628,0.141618,0.164326,0.364429
0.33139,0.14387,0.162887,0.361852
0.332603,0.150744,0.152286,0.364366
0.335002,0.148159,0.157376,0.359463
0.334603,0.147535,0.157188,0.360675
0.334814,0.146901,0.154964,0.363321
0.342952,0.140823,0.153665,0.36256
0.335595,0.142391,0.157398,0.364616
0.33569,0.148887,0.163192,0.352232
0.338157,0.141543,0.157743,0.362557
0.331075,0.153212,0.160838,0.354875
0.346474,0.143023,0.158507,0.351996
0.347664,0.140585,0.159399,0.352352
0.34996,0.137061,0.159208,0.353771
0.344832,0.148632,0.161218,0.345319
0.333647,0.146473,0.169076,0.350804
0.331029,0.14113,0.169974,0.357867
0.328323,0.141337,0.173383,0.356958
0.313358,0.153426,0.168199,0.365017
0.319668,0.147188,0.171648,0.361496
0.327842,0.14172,0.170524,0.359914
0.33343,0.137586,0.167094,0.36189
0.331696,0.138311,0.169072,0.360921
0.327876,0.142716,0.177559,0.351849
0.32411,0.143651,0.175549,0.356689
0.33204,0.138021,0.16939,0.36055
0.326362,0.143265,0.170257,0.360116
0.337585,0.143255,0.170976,0.348184
0.334773,0.136286,0.166901,0.36204
0.327413,0.145146,0.167904,0.359538
0.332614,0.141379,0.168826,0.357181
0.335043,0.142025,0.163397,0.359535
0.34154,0.135506,0.160327,0.362627
0.335062,0.137046,0.165608,0.362284
0.340125,0.13469,0.157219,0.367966
0.347416,0.134631,0.157865,0.360088
0.359599,0.127339,0.158441,0.35462
0.365658,0.13205,0.160454,0.341838
0.370775,0.127579,0.16284,0.338807
0.375295,0.123778,0.15764,0.343287
0.36431,0.127638,0.157785,0.350266
0.356871,0.119534,0.161851,0.361744
0.352339,0.121585,0.157828,0.368247
0.354549,0.127827,0.159955,0.357669
0.344288,0.123044,0.16256,0.370108
0.349943,0.123351,0.162165,0.364541
0.341671,0.138033,0.166788,0.353508
0.347383,0.14257,0.164647,0.3454
0.357114,0.126825,0.156689,0.359373
0.352238,0.12715,0.15609,0.364522
0.350321,0.131933,0.158794,0.358952
0.355799,0.128505,0.153791,0.361905
0.359405,0.137592,0.156224,0.34678
0.355923,0.135615,0.157911,0.350551
0.350886,0.133542,0.156281,0.359292
0.349711,0.134793,0.158073,0.357423
0.355588,0.126989,0.156418,0.361005
0.353541,0.129336,0.157181,0.359942
0.360597,0.130026,0.157978,0.351399
0.349542,0.130599,0.153677,0.366181
0.348743,0.133337,0.155703,0.362217
0.342225,0.136864,0.156463,0.364448
0.344217,0.132285,0.155686,0.367813
0.349736,0.127847,0.155525,0.366892
0.34733,0.130915,0.157185,0.36457
0.340338,0.130179,0.161083,0.3684
0.33538,0.129212,0.159036,0.376372
0.333629,0.132095,0.158467,0.37581
0.33765,0.133491,0.1593,0.36956
0.338046,0.131361,0.155091,0.375501
0.336599,0.130288,0.158256,0.374857
0.339866,0.130691,0.153629,0.375814
0.32978,0.129957,0.155081,0.385183
0.329037,0.131204,0.156519,0.38324
0.337514,0.128681,0.154582,0.379222
0.335129,0.126812,0.151825,0.386235
0.337097,0.125569,0.14586,0.391474
0.342455,0.130025,0.142236,0.385284
0.346468,0.124993,0.13547,0.393069
