EUR=X,JPY=X,CHFUSD,GLD
0.370396,0.0581726,0.0975689,0.473862
0.37029,0.0486389,0.0997349,0.481336
0.351515,0.0512564,0.110678,0.48655
0.322773,0.0467431,0.106386,0.524098
0.32443,0.0441482,0.113749,0.517672
0.337229,0.0387409,0.109488,0.514542
0.324548,0.0383779,0.108209,0.528865
0.325956,0.0434296,0.118406,0.512209
0.320305,0.0440013,0.120235,0.515459
0.333585,0.0473641,0.130589,0.488462
0.322063,0.0422376,0.137121,0.498578
0.334625,0.0372726,0.146825,0.481278
0.296256,0.038096,0.13391,0.531738
0.308993,0.0345984,0.125209,0.5312
0.29342,0.0325681,0.132482,0.54153
0.289036,0.0309594,0.146138,0.533866
0.296379,0.031727,0.142911,0.528983
0.315243,0.0350447,0.131528,0.518185
0.319824,0.038771,0.128662,0.512743
0.331338,0.0355264,0.124288,0.508847
0.329472,0.0346511,0.112903,0.522973
0.339815,0.0348067,0.123314,0.502064
0.325963,0.0388532,0.116956,0.518228
0.305927,0.0415336,0.115505,0.537034
0.302635,0.0435925,0.110538,0.543234
0.281551,0.0462414,0.108015,0.564193
0.264583,0.0421813,0.0992278,0.594008
0.272939,0.0433798,0.0884791,0.595202
0.291676,0.0452593,0.0949225,0.568142
0.308061,0.0517182,0.095577,0.544644
0.302802,0.0587952,0.0945184,0.543884
0.330657,0.0573169,0.0990056,0.51302
0.322563,0.0738046,0.097676,0.505956
0.31017,0.0766423,0.0944598,0.518728
0.300591,0.0838923,0.100877,0.51464
0.311402,0.088833,0.107808,0.491957
0.284958,0.0857912,0.103568,0.525683
0.281956,0.0775562,0.0997833,0.540705
0.292546,0.0743037,0.0914499,0.5417
0.292242,0.0818389,0.0959138,0.530006
0.274766,0.0719238,0.101465,0.551845
0.290099,0.0809186,0.0984454,0.530537
0.294937,0.0682652,0.10509,0.531708
0.284713,0.065946,0.103435,0.545906
0.283925,0.0550995,0.106475,0.554501
0.293509,0.0562664,0.103763,0.546462
0.269773,0.0541246,0.104611,0.571492
0.258829,0.044685,0.117688,0.578798
0.246526,0.04523,0.114721,0.593524
0.250799,0.0427596,0.104808,0.601634
0.240178,0.0383321,0.0999371,0.621553
0.269487,0.0378825,0.0939771,0.598653
0.260719,0.0360444,0.0929723,0.610264
0.249813,0.0359284,0.0982064,0.616052
0.269075,0.0370243,0.106578,0.587323
0.256562,0.0330569,0.109246,0.601136
0.234787,0.0311956,0.122934,0.611083
0.221357,0.0287699,0.125556,0.624317
0.213027,0.0280834,0.117377,0.641512
0.216958,0.0274721,0.115419,0.64015
0.203973,0.0267166,0.111402,0.657908
0.217538,0.0261585,0.110616,0.645687
0.226336,0.0341284,0.116878,0.622658
0.241243,0.0354812,0.113826,0.609449
0.247477,0.0391652,0.126381,0.586976
0.226279,0.0383107,0.127778,0.607633
0.228903,0.0367444,0.118437,0.615916
0.233752,0.0377054,0.112906,0.615637
0.231621,0.0372568,0.106794,0.624328
0.226733,0.0343664,0.119018,0.619882
0.230225,0.0321799,0.12923,0.608366
0.246336,0.0351197,0.142229,0.576315
0.233428,0.0381634,0.150447,0.577962
0.238713,0.0421187,0.142642,0.576527
0.242876,0.0386434,0.128616,0.589865
0.260662,0.0368986,0.128041,0.574398
0.247735,0.0356203,0.130227,0.586418
0.247305,0.0350368,0.145104,0.572554
0.220983,0.0326341,0.154922,0.591461
0.237798,0.0371876,0.142514,0.582501
0.247669,0.0415762,0.138552,0.572202
0.24317,0.0386185,0.131649,0.586562
0.237468,0.0330674,0.124941,0.604524
0.255055,0.036844,0.125325,0.582776
0.264114,0.0367284,0.1333,0.565858
0.271636,0.0351501,0.145135,0.548079
0.273245,0.0353947,0.134827,0.556534
0.281488,0.0360044,0.143646,0.538862
0.292573,0.0352421,0.159743,0.512442
0.28146,0.0340819,0.144492,0.539966
0.281078,0.0365983,0.142429,0.539895
0.27103,0.0324196,0.139347,0.557203
0.260675,0.0294145,0.137031,0.57288
0.268116,0.0315116,0.128905,0.571467
0.258066,0.0304455,0.13295,0.578539
0.257964,0.0303932,0.128464,0.583178
0.260697,0.0326381,0.127921,0.578744
0.253848,0.0324138,0.124272,0.589466
0.244485,0.0282464,0.122758,0.604511
0.255989,0.0290939,0.108289,0.606628
0.266285,0.0261036,0.11119,0.596421
0.247632,0.0276793,0.103361,0.621327
0.245703,0.0280939,0.102186,0.624017
0.249006,0.02816,0.105434,0.617399
0.267901,0.0299239,0.105012,0.597162
0.276803,0.0318129,0.0976083,0.593776
0.277906,0.0284285,0.0952726,0.598393
0.273269,0.0267481,0.0893344,0.610649
0.292068,0.0328896,0.104267,0.570776
0.290131,0.0358374,0.0928527,0.581178
0.290321,0.0375104,0.105177,0.566992
0.293414,0.0403959,0.101054,0.565136
0.314724,0.0447892,0.101802,0.538685
0.308551,0.0441384,0.096631,0.55068
0.303063,0.0387093,0.087696,0.570532
0.318051,0.0423848,0.0886485,0.550916
0.298126,0.0420324,0.0963998,0.563441
0.316431,0.0429264,0.0976604,0.542982
0.315571,0.0405432,0.0966722,0.547214
0.295418,0.0355773,0.0979153,0.571089
0.307081,0.0389456,0.0997566,0.554217
0.317031,0.0373733,0.094904,0.550692
0.308935,0.034923,0.0935521,0.56259
0.264704,0.0333786,0.0901371,0.611781
0.261053,0.0330205,0.0986821,0.607245
0.25947,0.0332089,0.0973152,0.610006
0.267431,0.0324676,0.10818,0.591921
0.258456,0.0325519,0.114276,0.594717
0.252279,0.0290662,0.0943293,0.624326
0.264748,0.0301449,0.087905,0.617202
0.251787,0.0288781,0.0928857,0.626449
0.232662,0.0252123,0.0925082,0.649618
0.234585,0.0259688,0.0941746,0.645271
0.202587,0.0262381,0.096763,0.674412
0.207307,0.026584,0.0979686,0.66814
0.209854,0.0258738,0.0844085,0.679864
0.224676,0.0263878,0.0853705,0.663566
0.250734,0.0298367,0.0891469,0.630283
0.253238,0.0311846,0.0943774,0.6212
0.247642,0.0348674,0.0969979,0.620493
0.257854,0.0338114,0.100934,0.6074
0.260651,0.038632,0.113398,0.587319
0.26751,0.0392595,0.113381,0.57985
0.282561,0.0461167,0.124378,0.546944
0.270873,0.0443144,0.124293,0.56052
0.264541,0.0442246,0.125521,0.565714
0.254721,0.0434317,0.134424,0.567423
0.262581,0.0500864,0.125973,0.561359
0.283399,0.0482164,0.139155,0.529229
0.274564,0.0491531,0.138008,0.538275
0.296501,0.0581685,0.134266,0.511064
0.288178,0.0557733,0.140316,0.515733
0.273535,0.0484186,0.132092,0.545955
0.294289,0.0541538,0.1315,0.520057
0.29317,0.0532826,0.127806,0.525742
0.286349,0.0510477,0.132372,0.530231
0.252803,0.0403268,0.137269,0.569601
0.249048,0.0447433,0.135573,0.570635
0.305311,0.0501108,0.139226,0.505352
0.279517,0.0477096,0.136648,0.536125
0.28476,0.0450324,0.137914,0.532294
0.296091,0.0411256,0.132151,0.530633
0.282011,0.0393288,0.132898,0.545762
0.262068,0.0373368,0.148506,0.552089
0.269295,0.0377992,0.152976,0.53993
0.249161,0.0312402,0.151707,0.567892
0.252316,0.0338214,0.168107,0.545755
0.239804,0.0290396,0.162863,0.568293
0.218879,0.0274926,0.152152,0.601477
0.216985,0.0301135,0.155236,0.597666
0.196688,0.0244792,0.141339,0.637494
0.199688,0.0253345,0.143969,0.631009
0.215584,0.0261053,0.148655,0.609656
0.201526,0.0230446,0.157786,0.617643
0.204351,0.0237288,0.165268,0.606652
0.196556,0.0266029,0.151634,0.625206
0.211133,0.0349349,0.150782,0.60315
0.213119,0.0306125,0.152886,0.603383
0.205252,0.0307735,0.160974,0.603001
0.190209,0.0290111,0.164561,0.61622
0.203912,0.0316753,0.164583,0.59983
0.203563,0.0301042,0.158472,0.607861
0.212015,0.0309074,0.163365,0.593712
0.215345,0.034463,0.157031,0.593161
0.226316,0.0385404,0.152489,0.582654
0.205479,0.0388924,0.136581,0.619048
0.191798,0.0311405,0.131397,0.645665
0.19918,0.0367367,0.137312,0.626772
0.229114,0.0421621,0.142639,0.586085
0.213529,0.0408388,0.139898,0.605735
0.227224,0.0402981,0.147891,0.584587
0.233462,0.0344784,0.145281,0.586779
0.256308,0.0384078,0.155031,0.550253
0.234255,0.0391784,0.151954,0.574613
0.244154,0.0370922,0.175259,0.543495
0.251492,0.0402519,0.170203,0.538053
0.23569,0.0362849,0.182769,0.545257
0.240123,0.0306055,0.153413,0.575858
0.255504,0.0326525,0.178203,0.533641
0.270583,0.0354039,0.176631,0.517382
0.249724,0.0328011,0.159517,0.557958
0.263232,0.038835,0.165202,0.532731
0.268413,0.0352752,0.178175,0.518137
0.261363,0.0361828,0.174487,0.527968
0.285285,0.0412442,0.180359,0.493112
0.279101,0.0373998,0.17588,0.50762
0.255769,0.0340079,0.184511,0.525711
0.23533,0.0355351,0.188727,0.540408
0.268504,0.036257,0.185922,0.509317
0.253602,0.0331021,0.212983,0.500313
0.249101,0.0333574,0.194279,0.523263
0.259503,0.0355995,0.186158,0.518739
0.264187,0.0370923,0.193189,0.505531
0.236438,0.0391813,0.190721,0.53366
0.255357,0.0443428,0.201195,0.499105
0.263462,0.0484834,0.200572,0.487482
0.2658,0.0455744,0.210114,0.478511
0.242709,0.0490136,0.204976,0.503301
0.26236,0.0527392,0.194637,0.490263
0.261866,0.049563,0.19575,0.492821
0.25384,0.0500722,0.192015,0.504073
0.258544,0.049104,0.188323,0.504028
0.260075,0.0520514,0.183857,0.504016
0.24449,0.0548527,0.180352,0.520306
0.2546,0.0571112,0.189387,0.498902
0.266088,0.0661844,0.174316,0.493412
0.276052,0.0679098,0.173956,0.482083
0.274861,0.0666967,0.181699,0.476743
0.285049,0.0634993,0.184847,0.466605
0.2824,0.0626178,0.19044,0.464542
0.273643,0.0515002,0.206805,0.468051
0.281184,0.0613894,0.210539,0.446888
0.301533,0.0678917,0.208948,0.421628
0.285623,0.0654612,0.216247,0.432669
0.293455,0.0718186,0.212794,0.421933
0.297061,0.0666827,0.21418,0.422076
0.302164,0.0665741,0.190702,0.440561
0.30946,0.0686125,0.197982,0.423946
0.32849,0.0637707,0.193267,0.414472
0.354594,0.0747844,0.204174,0.366448
0.3376,0.070902,0.21703,0.374468
0.320192,0.0636545,0.208942,0.407212
0.325534,0.067238,0.216129,0.391099
0.330095,0.0750336,0.229858,0.365013
0.340906,0.0778069,0.233764,0.347523
0.35105,0.0863061,0.233577,0.329067
0.343342,0.0752268,0.225078,0.356353
0.333266,0.0774509,0.246079,0.343204
0.349917,0.067477,0.226729,0.355877
0.348006,0.0709413,0.228801,0.352252
0.337924,0.0767935,0.234319,0.350964
0.345766,0.081829,0.222091,0.350314
0.341231,0.0811735,0.217681,0.359914
0.302766,0.0743342,0.231096,0.391803
0.287082,0.0644795,0.241806,0.406633
0.278263,0.0630904,0.221092,0.437555
0.272779,0.0651052,0.240729,0.421387
0.270584,0.066212,0.223894,0.43931
0.296471,0.0691951,0.207911,0.426423
0.303343,0.0631599,0.205883,0.427614
0.278968,0.0571557,0.207673,0.456203
0.292622,0.0613718,0.188254,0.457752
0.28298,0.0578017,0.216357,0.442861
0.26596,0.0613429,0.227294,0.445403
0.269665,0.062914,0.237519,0.429902
0.272531,0.0605373,0.240916,0.426015
0.285456,0.0598505,0.226183,0.428511
0.305572,0.0690569,0.230237,0.395134
0.301522,0.064502,0.222793,0.411182
0.3093,0.0699882,0.228392,0.39232
0.320038,0.0672367,0.238236,0.374489
0.295924,0.0579523,0.255302,0.390821
0.312853,0.0656818,0.253539,0.367926
0.308545,0.0655675,0.256361,0.369527
0.320777,0.0650913,0.232557,0.381575
0.322375,0.0684034,0.220083,0.389139
0.310378,0.0627599,0.211776,0.415086
0.317999,0.0567141,0.207319,0.417968
0.326121,0.0580677,0.203567,0.412244
0.316838,0.0568842,0.212208,0.414069
0.314704,0.0570152,0.219219,0.409061
0.319449,0.0617959,0.226699,0.392056
0.320735,0.0623055,0.229264,0.387696
0.33252,0.0667696,0.228352,0.372359
0.324305,0.0565558,0.222722,0.396417
0.304193,0.0524585,0.217647,0.425702
0.29321,0.0542665,0.217189,0.435334
0.319606,0.0513477,0.199598,0.429449
0.30795,0.0546166,0.210368,0.427065
0.331298,0.0535528,0.181484,0.433664
0.335614,0.0529814,0.179069,0.432336
0.353572,0.0542367,0.166367,0.425825
0.340396,0.0587442,0.193996,0.406864
0.341852,0.0568328,0.17821,0.423105
0.325954,0.0514464,0.188598,0.434002
0.31684,0.0511475,0.201032,0.430981
0.330247,0.0561422,0.18179,0.431821
0.320342,0.0578935,0.166737,0.455027
0.323345,0.0537609,0.16091,0.461984
0.328287,0.0571709,0.158824,0.455718
0.362844,0.0600594,0.144957,0.43214
0.353714,0.0540384,0.139154,0.453094
0.368964,0.0518186,0.138126,0.441092
0.354405,0.0507002,0.152254,0.442641
0.368833,0.0558777,0.153658,0.421632
0.335155,0.0596336,0.162384,0.442827
0.325779,0.0566441,0.142898,0.474678
0.308212,0.0588475,0.152935,0.480005
0.337059,0.0636009,0.153266,0.446074
0.329182,0.0591469,0.149621,0.46205
0.338622,0.0621389,0.154464,0.444775
0.346411,0.0624353,0.145041,0.446113
0.382822,0.066001,0.150088,0.401089
0.397123,0.0678076,0.139775,0.395295
0.386905,0.0631997,0.136279,0.413616
0.393438,0.0609744,0.132175,0.413413
0.369679,0.0547183,0.138401,0.437202
0.339696,0.0545544,0.164292,0.441457
0.322509,0.0602584,0.171981,0.445252
0.326597,0.0625944,0.167244,0.443565
0.334275,0.0674435,0.162315,0.435967
0.326007,0.0583236,0.151006,0.464664
0.374124,0.0722683,0.146519,0.407089
0.358812,0.0734101,0.158686,0.409092
0.363196,0.0672916,0.152412,0.417101
0.386313,0.0638724,0.149765,0.40005
0.351501,0.063115,0.144168,0.441216
0.342708,0.0657605,0.144905,0.446626
0.370936,0.0651882,0.136541,0.427334
0.337453,0.0599661,0.144085,0.458496
0.356595,0.0653197,0.129008,0.449078
0.368803,0.0816631,0.137991,0.411543
0.375865,0.0685638,0.132858,0.422713
0.353682,0.0570803,0.141821,0.447416
0.334587,0.0592009,0.137282,0.468931
0.341577,0.0565888,0.136908,0.464926
0.348332,0.0620831,0.165112,0.424473
0.319414,0.0601775,0.158238,0.46217
0.354068,0.0621933,0.138193,0.445546
0.342413,0.0620734,0.137341,0.458173
0.342382,0.0610819,0.133173,0.463363
0.356094,0.0693637,0.131995,0.442548
0.354509,0.0636144,0.127584,0.454293
0.348333,0.0630803,0.141724,0.446863
0.353622,0.0612659,0.121525,0.463587
0.338691,0.0586954,0.12083,0.481784
0.352923,0.0590907,0.13594,0.452047
0.328643,0.051776,0.141079,0.478503
0.302532,0.0539501,0.139749,0.503769
0.308429,0.0562134,0.155663,0.479695
0.277342,0.0490606,0.136896,0.536701
0.279267,0.0489721,0.130334,0.541427
0.277691,0.0460751,0.134437,0.541797
0.292471,0.0510999,0.129988,0.526441
0.273392,0.0466782,0.142821,0.53711
0.278168,0.0514203,0.133951,0.53646
0.272747,0.0506618,0.138639,0.537952
0.262946,0.0450271,0.149206,0.542821
0.248689,0.0422247,0.127221,0.581865
0.228336,0.038415,0.127392,0.605857
0.227515,0.0375874,0.125999,0.608899
0.222082,0.0420812,0.128544,0.607293
0.237262,0.0402685,0.137806,0.584663
0.233041,0.0384967,0.133818,0.594644
0.232716,0.0371747,0.146733,0.583376
0.261326,0.0418836,0.153324,0.543467
0.263809,0.0505772,0.151009,0.534605
0.265868,0.048148,0.151577,0.534408
0.258387,0.050654,0.1571,0.533858
0.250688,0.0471213,0.151949,0.550241
0.237597,0.0461516,0.152584,0.563667
0.205103,0.0440173,0.162112,0.588768
0.216069,0.0454935,0.167885,0.570553
0.215431,0.0441929,0.165873,0.574503
0.223982,0.054344,0.169518,0.552156
0.263156,0.0671536,0.172178,0.497512
0.277867,0.0640778,0.160137,0.497918
0.298451,0.0712766,0.155639,0.474634
0.307145,0.0642576,0.167538,0.46106
0.307031,0.063115,0.171224,0.45863
0.288975,0.0567557,0.166098,0.488171
0.262418,0.0514444,0.177865,0.508272
0.247292,0.0469743,0.162605,0.543129
0.258789,0.0494528,0.165153,0.526605
0.257909,0.0496342,0.164835,0.527621
0.246361,0.0486909,0.156408,0.54854
0.263902,0.0428097,0.166732,0.526557
0.2661,0.0509709,0.141693,0.541237
0.273463,0.0600419,0.144437,0.522058
0.265333,0.0589732,0.148475,0.527219
0.261593,0.0550467,0.149087,0.534274
0.270803,0.0680018,0.163076,0.49812
0.244398,0.0630755,0.163079,0.529447
0.272619,0.0629782,0.16411,0.500293
0.27719,0.0617055,0.180926,0.480178
0.274108,0.0554178,0.157915,0.512559
0.301216,0.05826,0.152505,0.48802
0.306891,0.0556568,0.156122,0.48133
0.292071,0.0547262,0.1489,0.504303
0.283786,0.0602194,0.141235,0.51476
0.291693,0.0554413,0.146499,0.506367
0.26476,0.0622614,0.152268,0.520711
0.245044,0.0550153,0.159889,0.540052
0.251006,0.0559426,0.15375,0.539301
0.269828,0.050529,0.169792,0.509851
0.264508,0.0518867,0.157265,0.526341
0.276723,0.0547248,0.152378,0.516174
0.279316,0.0511892,0.163564,0.505931
0.268443,0.0488251,0.134774,0.547958
0.264025,0.0528076,0.162587,0.52058
0.263758,0.0481311,0.166301,0.52181
0.251434,0.0513016,0.173588,0.523676
0.258407,0.0531637,0.14933,0.539099
0.293782,0.0601263,0.159687,0.486405
0.307107,0.0574081,0.158844,0.476641
0.303503,0.0525408,0.160575,0.483382
0.314431,0.0532651,0.16193,0.470374
0.321325,0.0608785,0.1669,0.450897
0.310745,0.0590402,0.177912,0.452303
0.313296,0.0659144,0.19364,0.42715
0.31995,0.0610916,0.186294,0.432664
0.335663,0.0566674,0.175571,0.432098
0.292225,0.0486739,0.178634,0.480467
0.313388,0.0521328,0.181396,0.453083
0.307971,0.0560225,0.169596,0.46641
0.280034,0.0501485,0.171007,0.49881
0.271068,0.0540931,0.193801,0.481038
0.279447,0.0543198,0.171182,0.495051
0.262988,0.0464611,0.18024,0.510311
0.257919,0.041894,0.172718,0.527469
0.26695,0.0459028,0.172097,0.51505
0.270649,0.0443869,0.165676,0.519288
0.274165,0.0449033,0.164362,0.51657
0.304113,0.046708,0.161387,0.487792
0.296852,0.0436902,0.145878,0.51358
0.271236,0.0424103,0.135967,0.550386
0.240308,0.0371514,0.150969,0.571572
0.24253,0.0443247,0.140577,0.572569
0.230547,0.0427808,0.135348,0.591324
0.249586,0.0518752,0.135507,0.563032
0.266437,0.0509974,0.12542,0.557145
0.303743,0.0540019,0.150315,0.491939
0.295607,0.05952,0.153226,0.491647
0.288632,0.0620486,0.164442,0.484877
0.298212,0.0646499,0.155979,0.481159
0.288444,0.0653551,0.164622,0.481579
0.277004,0.0584788,0.181529,0.482988
0.27804,0.0550136,0.172887,0.49406
0.27907,0.0591945,0.1558,0.505935
0.30084,0.0661509,0.149028,0.483981
0.301951,0.0724099,0.137926,0.487713
0.335827,0.0750648,0.13931,0.449798
0.309426,0.0655676,0.144704,0.480303
0.305632,0.0639395,0.137109,0.493319
0.277187,0.0570002,0.150238,0.515575
0.266363,0.0549893,0.160397,0.518251
0.269257,0.0587743,0.169199,0.502769
0.26197,0.0478996,0.176049,0.514082
0.256083,0.0431646,0.17641,0.524342
0.274718,0.0422024,0.167161,0.515919
0.284286,0.0424072,0.168592,0.504715
0.301367,0.0461942,0.169724,0.482716
0.303243,0.0547932,0.170745,0.471219
0.303362,0.0582866,0.174577,0.463775
0.28492,0.0612865,0.180345,0.473449
0.278472,0.0555358,0.186743,0.47925
0.265373,0.0531538,0.17807,0.503403
0.305326,0.0686859,0.16703,0.458958
0.328098,0.0732309,0.157666,0.441005
0.32807,0.0685208,0.155455,0.447954
0.317553,0.0673716,0.159084,0.455991
0.299393,0.0629734,0.160335,0.477299
0.281579,0.0560093,0.177376,0.485035
0.246489,0.0533385,0.175629,0.524543
0.2373,0.0595945,0.187693,0.515412
0.250923,0.0598782,0.182514,0.506685
0.261761,0.0523618,0.176209,0.509669
0.278195,0.0518471,0.173035,0.496923
0.309064,0.0585994,0.1755,0.456837
0.322161,0.0605138,0.172843,0.444483
0.313198,0.070767,0.181783,0.434251
0.316021,0.0698462,0.158906,0.455226
0.302561,0.054477,0.159091,0.48387
0.279039,0.0552654,0.155917,0.509779
0.278372,0.0531122,0.16233,0.506186
0.287311,0.0551875,0.158171,0.499331
0.301761,0.0518441,0.156167,0.490228
0.317266,0.0568127,0.168126,0.457795
0.333122,0.0547031,0.175492,0.436683
0.345844,0.0620732,0.1554,0.436683
0.335324,0.0604372,0.1684,0.435838
0.324116,0.0573214,0.173045,0.445517
0.32208,0.0618822,0.146034,0.470004
0.296455,0.0626052,0.148898,0.492042
0.287572,0.0621856,0.1707,0.479542
0.303655,0.0541989,0.171589,0.470557
0.333892,0.0588356,0.187585,0.419688
0.317746,0.0542913,0.15994,0.468022
0.34871,0.0582512,0.153961,0.439078
0.344059,0.0573063,0.161238,0.437396
0.343704,0.058562,0.155439,0.442296
0.330562,0.0517766,0.152423,0.465238
0.334073,0.0469371,0.162056,0.456934
0.301787,0.0430311,0.162175,0.493007
0.296404,0.0474426,0.148088,0.508066
0.326827,0.0474507,0.149246,0.476476
0.330711,0.0477965,0.148895,0.472597
0.31264,0.0482615,0.157695,0.481404
0.315898,0.0456565,0.162996,0.47545
0.313867,0.0448458,0.176604,0.464684
0.305304,0.0450702,0.16457,0.485055
0.314703,0.0429295,0.170849,0.471518
0.31456,0.0462852,0.182315,0.45684
0.279734,0.0459532,0.197947,0.476366
0.304111,0.050662,0.182112,0.463115
0.308934,0.0485852,0.167362,0.475119
0.325385,0.0474923,0.162618,0.464505
0.323381,0.0525222,0.154936,0.469161
0.326941,0.0548894,0.149066,0.469103
0.329042,0.0528414,0.15424,0.463877
0.300933,0.0487645,0.162053,0.48825
0.278421,0.0457669,0.159633,0.516179
0.300208,0.0435726,0.156084,0.500135
0.287928,0.0454964,0.17491,0.491666
0.291478,0.047969,0.16919,0.491362
0.332026,0.054174,0.162103,0.451697
0.317338,0.0517628,0.159813,0.471087
0.289446,0.0483728,0.161864,0.500318
0.29186,0.0611091,0.161404,0.485627
0.316483,0.0597655,0.162257,0.461494
0.335656,0.0594568,0.15881,0.446077
0.324548,0.0603507,0.160392,0.454709
0.344177,0.0729422,0.161685,0.421196
0.345297,0.0671801,0.180521,0.407002
0.334021,0.0654313,0.165999,0.434548
0.325035,0.0698322,0.1734,0.431732
0.307676,0.0642037,0.172702,0.455419
0.301635,0.0640784,0.176974,0.457313
0.295796,0.0611108,0.175725,0.467368
0.297708,0.055608,0.171544,0.47514
0.31232,0.0694163,0.181194,0.43707
0.308594,0.0739486,0.181792,0.435665
0.302027,0.0664301,0.175202,0.456341
0.31538,0.0687657,0.194804,0.42105
0.31534,0.0669856,0.178214,0.43946
0.307962,0.0685943,0.172103,0.451341
0.309914,0.0635187,0.170923,0.455644
0.288731,0.0589746,0.179052,0.473243
0.29357,0.0654894,0.17899,0.461951
0.296723,0.0657839,0.176387,0.461105
0.266925,0.0555917,0.176501,0.500982
0.272101,0.0613222,0.190489,0.476087
0.263675,0.0540926,0.176122,0.506111
0.263002,0.0503308,0.171389,0.515279
0.279816,0.0597435,0.171347,0.489093
0.268567,0.0567841,0.177187,0.497462
0.274791,0.0532901,0.173954,0.497965
0.246786,0.0487378,0.182158,0.522319
0.228194,0.0452866,0.185248,0.541272
0.228583,0.0497159,0.187477,0.534224
0.252214,0.0610513,0.172151,0.514584
0.248003,0.0573411,0.174474,0.520182
0.251798,0.0627222,0.175309,0.51017
0.25527,0.0604045,0.183557,0.500769
0.256338,0.0650281,0.174268,0.504367
0.249977,0.0655404,0.188717,0.495766
0.262217,0.060168,0.198674,0.478941
0.251814,0.0595276,0.212978,0.47568
0.252467,0.0695914,0.220948,0.456994
0.25149,0.0569703,0.205645,0.485895
0.247809,0.0524244,0.204573,0.495194
0.238634,0.0507622,0.20936,0.501245
0.255636,0.0563148,0.194551,0.493498
0.288793,0.0669733,0.202673,0.44156
0.274358,0.0584449,0.206017,0.46118
0.258462,0.050535,0.207516,0.483487
0.274121,0.0608006,0.208996,0.456083
0.257643,0.0541424,0.216079,0.472136
0.256699,0.0544639,0.212183,0.476654
0.258589,0.0551591,0.214688,0.471564
0.273081,0.0558817,0.220148,0.45089
0.244633,0.0564739,0.232951,0.465943
0.256169,0.0573426,0.219379,0.46711
0.260075,0.0544772,0.215083,0.470364
0.269796,0.0623143,0.217836,0.450054
0.26555,0.0652386,0.22945,0.439762
0.295155,0.0615773,0.22428,0.418988
0.310294,0.0574434,0.214406,0.417856
0.304899,0.0615654,0.241979,0.391556
0.290398,0.0605218,0.226537,0.422544
0.315006,0.0742301,0.202371,0.408393
0.288433,0.0733108,0.212681,0.425575
0.285503,0.0681749,0.195301,0.451021
0.307147,0.0746042,0.199731,0.418518
0.294198,0.0768259,0.201778,0.427198
0.28158,0.0762179,0.203962,0.43824
0.286343,0.0682952,0.215438,0.429924
0.281853,0.0706266,0.194434,0.453086
0.299806,0.0767041,0.208328,0.415162
0.290016,0.0816407,0.226328,0.402015
0.291958,0.0882933,0.22497,0.394779
0.297628,0.0978516,0.235382,0.369139
0.288028,0.0905281,0.221389,0.400055
0.293509,0.0959019,0.226178,0.384411
0.290315,0.0898802,0.231009,0.388795
0.286754,0.0795776,0.22147,0.412198
0.281664,0.0834477,0.226114,0.408774
0.283444,0.0825901,0.233737,0.40023
0.286784,0.0836738,0.237841,0.391701
0.287324,0.0804527,0.234236,0.397986
0.29527,0.0716887,0.23456,0.398481
0.294103,0.0856741,0.254296,0.365926
0.301735,0.0923332,0.25386,0.352072
0.307615,0.0927508,0.259333,0.340301
0.303142,0.102297,0.263265,0.331296
0.314374,0.104084,0.264899,0.316644
0.315461,0.110107,0.26524,0.309191
0.322824,0.0967674,0.263723,0.316685
0.324255,0.0989045,0.261919,0.314922
0.317452,0.0923836,0.261479,0.328686
0.322777,0.093164,0.268103,0.315956
0.328756,0.0884516,0.26126,0.321533
0.334837,0.0925793,0.27107,0.301514
0.330297,0.0998583,0.289134,0.280711
0.333884,0.101742,0.281363,0.283011
0.334287,0.103712,0.274509,0.287491
0.341894,0.100627,0.284516,0.272963
0.34729,0.0918944,0.271587,0.289228
0.351307,0.0945492,0.27492,0.279223
0.354185,0.0948745,0.278502,0.272439
0.354385,0.0883412,0.270628,0.286645
0.360021,0.0905456,0.26124,0.288193
0.358309,0.0853938,0.252567,0.303731
0.358822,0.0906501,0.262706,0.287822
0.351983,0.0844314,0.263347,0.300239
0.359032,0.0855394,0.265788,0.28964
0.347562,0.0862446,0.268182,0.298012
0.338699,0.0835414,0.280244,0.297516
0.352413,0.0850736,0.278721,0.283792
0.35438,0.0911254,0.28235,0.272145
0.358793,0.0948936,0.265896,0.280418
0.359308,0.0952128,0.27285,0.272629
0.354791,0.0849466,0.254368,0.305894
0.356881,0.0884247,0.277322,0.277373
0.358712,0.0845326,0.272431,0.284324
0.342569,0.0820032,0.27031,0.305117
0.342736,0.0837861,0.266046,0.307432
0.327486,0.0788741,0.239935,0.353705
0.33359,0.0833835,0.23881,0.344217
0.334118,0.0882976,0.258961,0.318623
0.315146,0.0807529,0.233888,0.370213
0.330701,0.0872074,0.246429,0.335662
0.343019,0.0752595,0.240649,0.341072
0.331408,0.0804308,0.231975,0.356186
0.348035,0.0853566,0.24231,0.324298
0.336,0.0824538,0.247597,0.333949
0.334081,0.0890547,0.260435,0.316429
0.319238,0.0858578,0.271795,0.323109
0.328734,0.0846323,0.258132,0.328501
0.342534,0.0886754,0.275448,0.293343
0.350356,0.088172,0.271303,0.290169
0.355425,0.0861884,0.270382,0.288004
0.366778,0.0876898,0.260648,0.284884
0.364388,0.0918359,0.262944,0.280832
0.375276,0.100387,0.265073,0.259264
0.375383,0.0956816,0.259825,0.26911
0.378843,0.102373,0.26204,0.256744
0.366958,0.0898011,0.269624,0.273617
0.388416,0.102984,0.264248,0.244352
0.393921,0.100324,0.263663,0.242092
0.390459,0.08715,0.259058,0.263333
0.388675,0.0875886,0.267263,0.256473
0.421418,0.0767956,0.222196,0.279591
0.424513,0.0774897,0.224443,0.273555
0.409621,0.0703139,0.223261,0.296804
0.411865,0.0797482,0.218244,0.290143
0.415406,0.0825982,0.216958,0.285038
0.369543,0.072876,0.237188,0.320393
0.356348,0.0677915,0.237048,0.338812
0.353627,0.0725343,0.242018,0.331821
0.335062,0.0796303,0.251405,0.333902
0.325152,0.0750752,0.247191,0.352582
0.3676,0.0762679,0.207696,0.348435
0.37083,0.0696883,0.203109,0.356373
0.366991,0.0695015,0.202844,0.360664
0.357672,0.068022,0.214854,0.359452
0.350698,0.0696522,0.212254,0.367395
0.353476,0.0637129,0.199706,0.383106
0.355945,0.0690999,0.204009,0.370946
0.35923,0.0694014,0.188619,0.382751
0.353816,0.0728796,0.209849,0.363455
0.344336,0.0744812,0.213431,0.367751
0.34891,0.0696939,0.202983,0.378413
0.349584,0.0742488,0.212274,0.363893
0.356255,0.0817505,0.221489,0.340505
0.365585,0.0753697,0.208481,0.350564
0.371555,0.0887977,0.216126,0.323521
0.385936,0.083249,0.197587,0.333228
0.384804,0.0817665,0.19075,0.342679
0.383238,0.0895294,0.202406,0.324827
0.393429,0.0930984,0.196098,0.317375
0.377462,0.0959653,0.220139,0.306433
0.361067,0.0867655,0.204552,0.347615
0.351672,0.0923821,0.219448,0.336498
0.378658,0.0981938,0.203021,0.320127
0.364665,0.0930287,0.206388,0.335919
0.386274,0.101049,0.207992,0.304685
0.377566,0.0853108,0.207219,0.329904
0.370054,0.0873508,0.217428,0.325167
0.366118,0.0799982,0.223662,0.330222
0.347066,0.0806504,0.221884,0.3504
0.351252,0.0812345,0.223488,0.344026
0.329163,0.0831377,0.238513,0.349187
0.311377,0.0738124,0.22881,0.386001
0.316594,0.065848,0.205539,0.41202
0.339168,0.0751607,0.19642,0.389251
0.346703,0.075245,0.198116,0.379936
0.340279,0.0747788,0.208657,0.376285
0.340689,0.0672244,0.178044,0.414042
0.326074,0.058648,0.194939,0.420339
0.323309,0.0597692,0.180093,0.436829
0.313088,0.0599419,0.178365,0.448605
0.28768,0.0473112,0.175834,0.489175
0.285226,0.0522654,0.19558,0.466929
0.30359,0.0532015,0.19609,0.447119
0.320767,0.0508552,0.209393,0.418985
0.340566,0.0573996,0.222327,0.379708
0.330619,0.0512345,0.236461,0.381685
0.320736,0.0554322,0.25331,0.370522
0.324062,0.0610695,0.252862,0.362006
0.313132,0.0554616,0.242004,0.389402
0.323087,0.0604789,0.248066,0.368368
0.305452,0.0575617,0.242788,0.394198
0.319152,0.0662035,0.227821,0.386824
0.308144,0.0634103,0.238419,0.390027
0.306031,0.0584705,0.253885,0.381613
0.344804,0.0638152,0.228405,0.362976
0.355756,0.0651295,0.238008,0.341107
0.359723,0.0620885,0.217114,0.361074
0.366249,0.0610137,0.19876,0.373977
0.357649,0.0571234,0.195868,0.38936
0.338696,0.0524448,0.209338,0.399522
0.315529,0.0595918,0.215595,0.409284
0.317442,0.0588003,0.244199,0.379559
0.327158,0.0545169,0.254032,0.364292
0.34697,0.0553285,0.248658,0.349043
0.351338,0.0531207,0.205846,0.389695
0.375045,0.0494137,0.183917,0.391624
0.343548,0.0475463,0.180708,0.428198
0.343844,0.0487214,0.17751,0.429925
0.341893,0.0531147,0.173784,0.431209
0.350855,0.0571729,0.196837,0.395135
0.333952,0.0519848,0.192474,0.42159
0.352488,0.0544576,0.197218,0.395836
0.361141,0.0601272,0.190505,0.388226
0.369688,0.0569624,0.161645,0.411705
0.357738,0.0530272,0.160713,0.428522
0.358968,0.0587374,0.157965,0.424329
0.354301,0.0606567,0.166693,0.41835
0.34625,0.0563754,0.154321,0.443053
0.341385,0.059345,0.159236,0.440034
0.354775,0.0651399,0.164397,0.415688
0.3368,0.0568354,0.178391,0.427974
0.356022,0.0556597,0.179208,0.40911
0.357076,0.0618619,0.167741,0.413321
0.335216,0.0552671,0.177047,0.43247
0.336072,0.0628149,0.170706,0.430407
0.352983,0.0620495,0.152332,0.432636
0.347965,0.0613401,0.147288,0.443407
0.345113,0.0612892,0.16212,0.431477
0.364494,0.0563063,0.148219,0.43098
0.385931,0.0633247,0.146062,0.404683
0.343551,0.0683041,0.157885,0.43026
0.37645,0.0682104,0.146471,0.408869
0.380646,0.0651022,0.140221,0.414032
0.373655,0.0615951,0.138538,0.426212
0.333866,0.0662414,0.16471,0.435183
0.354393,0.0645238,0.152453,0.428631
0.333166,0.0609141,0.177488,0.428432
0.322112,0.0556922,0.183051,0.439145
0.328146,0.0627427,0.190054,0.419058
0.349656,0.0703122,0.164068,0.415963
0.349673,0.0605429,0.201759,0.388025
0.348025,0.0621917,0.180668,0.409115
0.354968,0.0643832,0.171425,0.409223
0.348083,0.0704024,0.16535,0.416165
0.333089,0.0649022,0.174038,0.42797
0.333919,0.0581991,0.151685,0.456197
0.367124,0.0626938,0.147887,0.422295
0.384874,0.0670618,0.14074,0.407324
0.363916,0.0662798,0.131838,0.437966
0.382647,0.0647262,0.121553,0.431073
0.392496,0.0749342,0.123522,0.409048
0.386584,0.0575434,0.122607,0.433265
0.395262,0.061397,0.118584,0.424757
0.340316,0.0538484,0.132463,0.473373
0.360008,0.0583636,0.126107,0.455521
0.341584,0.0625135,0.137131,0.458772
0.340224,0.0665499,0.136444,0.456783
0.349374,0.0697333,0.133431,0.447461
0.339929,0.0635605,0.144431,0.452079
0.336682,0.0709939,0.136594,0.455731
0.362944,0.0824893,0.130365,0.424201
0.377788,0.0855231,0.128793,0.407897
0.367217,0.0809454,0.13304,0.418798
0.335932,0.0686369,0.137031,0.4584
0.322915,0.0682264,0.151625,0.457234
0.350141,0.0596891,0.143678,0.446492
0.347651,0.0676884,0.148517,0.436144
0.332595,0.0566458,0.16067,0.450089
0.371476,0.0552234,0.174469,0.398832
0.361251,0.058089,0.168104,0.412557
0.333869,0.0505533,0.165519,0.450059
0.297144,0.0448218,0.173012,0.485023
0.300633,0.0423254,0.161575,0.495467
0.272814,0.0473334,0.181357,0.498495
0.290087,0.0449968,0.177955,0.486962
0.309707,0.0434506,0.180469,0.466373
0.323557,0.0522123,0.197232,0.426998
0.317401,0.0521338,0.191291,0.439174
0.313068,0.0485105,0.193465,0.444957
0.316893,0.0426097,0.191222,0.449275
0.324471,0.0448502,0.160705,0.469974
0.336218,0.0413348,0.168822,0.453625
0.298639,0.0456959,0.16752,0.488145
0.309293,0.054864,0.153867,0.481976
0.303075,0.0494764,0.162004,0.485444
0.282573,0.0503083,0.163712,0.503407
0.307394,0.0519755,0.1603,0.48033
0.322833,0.0621519,0.154246,0.460769
0.313276,0.0525854,0.144373,0.489766
0.311214,0.0544976,0.132932,0.501356
0.293616,0.0638748,0.160302,0.482207
0.271234,0.0625884,0.156921,0.509256
0.279433,0.0744932,0.144447,0.501627
0.283184,0.0674661,0.149211,0.500139
0.279257,0.068114,0.150872,0.501757
0.30175,0.0910976,0.13848,0.468672
0.311109,0.0885877,0.136527,0.463776
0.30634,0.0838247,0.136702,0.473134
0.300986,0.0709506,0.143444,0.484619
0.260085,0.0764607,0.13815,0.525305
0.269805,0.0783687,0.125715,0.526112
0.257486,0.0774899,0.145703,0.519322
0.278042,0.0732438,0.129091,0.519623
0.271182,0.0742118,0.13364,0.520966
0.282467,0.0789487,0.149366,0.489218
0.307295,0.074155,0.149247,0.469303
0.28946,0.0762992,0.148379,0.485862
0.335419,0.0732383,0.143761,0.447581
0.298106,0.0689619,0.162648,0.470285
0.299627,0.0685361,0.154524,0.477313
0.308113,0.0624583,0.152454,0.476974
0.304909,0.0703878,0.153171,0.471532
0.282233,0.0521431,0.166059,0.499565
0.311747,0.0531347,0.167101,0.468018
0.311795,0.0504575,0.153873,0.483875
0.327652,0.0470124,0.157036,0.468299
0.320982,0.0445677,0.153861,0.480589
0.305571,0.0438547,0.160421,0.490154
0.307879,0.0448685,0.154658,0.492595
0.287376,0.0428542,0.170807,0.498963
0.230939,0.0386095,0.165318,0.565133
0.275665,0.0478276,0.149811,0.526696
0.275539,0.0494809,0.151819,0.523161
0.271711,0.0484691,0.153761,0.52606
0.257268,0.0476197,0.162824,0.532288
0.258465,0.044762,0.166409,0.530364
0.241508,0.0440255,0.157171,0.557296
0.202873,0.0428628,0.137111,0.617153
0.224187,0.0424495,0.14151,0.591853
0.232435,0.0469334,0.140584,0.580047
0.220884,0.0430968,0.145891,0.590128
0.232871,0.0470323,0.146108,0.573989
0.247601,0.0456599,0.153194,0.553545
0.229971,0.049199,0.145966,0.574864
0.224793,0.0501331,0.14124,0.583834
0.238038,0.0518606,0.155737,0.554365
0.223104,0.0497895,0.144997,0.58211
0.221322,0.0602397,0.140135,0.578303
0.241951,0.0535359,0.166425,0.538089
0.254972,0.0493942,0.165969,0.529666
0.240117,0.0505774,0.157462,0.551844
0.256502,0.049663,0.152923,0.540912
0.253252,0.0498697,0.155889,0.54099
0.252038,0.0462969,0.15964,0.542026
0.263784,0.0451145,0.168521,0.522581
0.264805,0.0448788,0.158966,0.53135
0.260107,0.0416507,0.166179,0.532064
0.285632,0.0436878,0.175516,0.495164
0.277299,0.0395427,0.166555,0.516603
0.281713,0.041837,0.16525,0.5112
0.291068,0.0435322,0.15868,0.50672
0.293466,0.0451626,0.165805,0.495566
0.279382,0.0402554,0.147803,0.532559
0.284373,0.0422086,0.158747,0.514671
0.257622,0.0391885,0.166369,0.536821
0.255965,0.0416945,0.167352,0.534989
0.273758,0.0440201,0.169423,0.512799
0.252997,0.0386767,0.167636,0.540691
0.257424,0.0404578,0.171364,0.530754
0.25359,0.036506,0.167247,0.542657
0.252157,0.0379055,0.161588,0.54835
0.249858,0.0413752,0.175438,0.533329
0.226972,0.0343199,0.169571,0.569138
0.229527,0.0376508,0.172606,0.560217
0.239441,0.0386714,0.176797,0.54509
0.240244,0.0356206,0.179434,0.544701
0.247925,0.0380845,0.177667,0.536324
0.270172,0.0453849,0.160016,0.524428
0.276775,0.0409205,0.166324,0.51598
0.28419,0.0441062,0.165288,0.506416
0.267215,0.042604,0.160094,0.530086
0.285649,0.0443449,0.160205,0.509801
0.254132,0.0461175,0.172736,0.527015
0.284142,0.0444154,0.183704,0.487739
0.281025,0.0502664,0.168514,0.500195
0.280584,0.0521601,0.16526,0.501996
0.27188,0.0438853,0.15122,0.533015
0.316058,0.0524557,0.149826,0.48166
0.294382,0.0467938,0.149424,0.5094
0.30259,0.0499642,0.138694,0.508752
0.276956,0.0514298,0.14341,0.528204
0.287398,0.0494638,0.147382,0.515756
0.282378,0.0494589,0.130094,0.538069
0.299726,0.0510489,0.120217,0.529009
0.299372,0.0503038,0.115431,0.534893
0.304062,0.0489434,0.120193,0.526801
0.312043,0.0490438,0.13467,0.504243
0.324025,0.0521291,0.116208,0.507638
0.322524,0.0499071,0.12385,0.503718
0.341283,0.0503864,0.117927,0.490404
0.309104,0.0485137,0.127537,0.514846
0.297547,0.0512195,0.117628,0.533606
0.293201,0.0429254,0.128174,0.535699
0.270851,0.0370862,0.136622,0.55544
0.265354,0.0350934,0.136641,0.562912
0.273168,0.0384126,0.133543,0.554877
0.26838,0.0363257,0.140549,0.554745
0.250639,0.0379975,0.124214,0.587149
0.281443,0.041161,0.138693,0.538703
0.293637,0.0402152,0.134614,0.531534
0.277169,0.0371957,0.140185,0.54545
0.277162,0.0365414,0.14981,0.536486
0.265461,0.036302,0.143206,0.555031
0.308085,0.0370844,0.133986,0.520845
0.283151,0.0329542,0.140555,0.543339
0.304188,0.0380374,0.131014,0.52676
0.292555,0.0374728,0.122338,0.547635
0.287624,0.0371958,0.124651,0.55053
0.275769,0.0336957,0.124449,0.566087
0.257212,0.0338788,0.135093,0.573817
0.257394,0.0350682,0.146359,0.561179
0.27478,0.0423645,0.165091,0.517765
0.269084,0.0373658,0.151972,0.541578
0.27224,0.0358454,0.168331,0.523584
0.26058,0.0377589,0.15544,0.546221
0.253987,0.0378153,0.154145,0.554053
0.256038,0.0395079,0.139375,0.565079
0.29887,0.0448838,0.153341,0.502906
0.290757,0.0526368,0.147876,0.508729
0.291644,0.048757,0.149074,0.510524
0.277828,0.0470891,0.15335,0.521733
0.305936,0.0483982,0.153478,0.492188
0.287224,0.0551571,0.160806,0.496813
0.279485,0.0510177,0.167524,0.501974
0.288716,0.0576215,0.150958,0.502704
0.271899,0.046881,0.157505,0.523716
0.278664,0.0466406,0.168773,0.505923
0.256242,0.0435779,0.159472,0.540707
0.262298,0.0475727,0.176534,0.513595
0.26346,0.0520849,0.173067,0.511388
0.280021,0.0543544,0.183626,0.481998
0.300338,0.0662327,0.188364,0.445066
0.29617,0.0641275,0.192273,0.447429
0.281657,0.0549245,0.167292,0.496126
0.277001,0.053141,0.185249,0.484608
0.260877,0.0543204,0.217036,0.467767
0.244453,0.0435009,0.225346,0.4867
0.246979,0.0463395,0.209448,0.497233
0.243582,0.0440427,0.224812,0.487564
0.248535,0.0430063,0.196822,0.511636
0.266339,0.0471994,0.207909,0.478553
0.294973,0.058604,0.177423,0.469
0.286003,0.0459774,0.196141,0.471878
0.271985,0.0554537,0.201105,0.471457
0.262587,0.0476289,0.208117,0.481667
0.260413,0.0493597,0.196482,0.493745
0.223458,0.037273,0.203627,0.535642
0.229383,0.0415119,0.183712,0.545393
0.227577,0.0446726,0.167419,0.560332
0.243006,0.0443983,0.169676,0.54292
0.270001,0.0470933,0.173553,0.509352
0.257371,0.0463526,0.189749,0.506527
0.257589,0.0515751,0.19086,0.499975
0.270512,0.0530865,0.181206,0.495196
0.265993,0.0510451,0.186989,0.495973
0.261185,0.0513734,0.179769,0.507672
0.264337,0.0571076,0.18378,0.494776
0.278573,0.063125,0.192405,0.465897
0.278077,0.0606036,0.20428,0.457039
0.277642,0.0640245,0.201513,0.45682
0.26055,0.0610886,0.192748,0.485613
0.253336,0.0612352,0.193423,0.492005
0.243401,0.0630077,0.180859,0.512732
0.228918,0.0536767,0.190787,0.526619
0.223658,0.0551445,0.18407,0.537127
0.223726,0.057807,0.194359,0.524108
0.223996,0.059124,0.193021,0.523859
0.223963,0.0515869,0.209089,0.515361
0.244696,0.0582078,0.200901,0.496195
0.245197,0.0556612,0.212928,0.486213
0.245319,0.0577039,0.205639,0.491337
0.25054,0.0607073,0.215072,0.473681
0.26158,0.0622699,0.231489,0.444661
0.273493,0.0654272,0.226856,0.434223
0.277161,0.0708161,0.23617,0.415853
0.292764,0.0675654,0.234417,0.405254
0.290648,0.0686303,0.211303,0.429419
0.291479,0.0673129,0.206256,0.434952
0.296072,0.0705037,0.215294,0.41813
0.310718,0.0741447,0.210053,0.405084
0.314254,0.0722141,0.226449,0.387083
0.298124,0.0694491,0.240745,0.391681
0.291446,0.0703024,0.240577,0.397675
0.290453,0.0673154,0.251764,0.390468
0.285175,0.0560261,0.226589,0.43221
0.287147,0.0640265,0.217549,0.431277
0.296512,0.0611743,0.23744,0.404874
0.281471,0.0618695,0.224941,0.431719
0.297267,0.0643149,0.219081,0.419337
0.302402,0.0639076,0.211328,0.422362
0.29059,0.0635201,0.185518,0.460372
0.294411,0.0707497,0.179008,0.455831
0.298855,0.0760486,0.200667,0.424429
0.290024,0.056539,0.189951,0.463486
0.280952,0.0621558,0.189582,0.46731
0.290451,0.0658333,0.173147,0.470569
0.312984,0.0592166,0.175721,0.452078
0.312587,0.0618907,0.187791,0.43773
0.306892,0.0599327,0.204027,0.429148
0.299881,0.066989,0.204481,0.428649
0.278176,0.0662921,0.212076,0.443456
0.261955,0.0583696,0.186703,0.492973
0.266134,0.062213,0.207596,0.464056
0.27249,0.0669813,0.202831,0.457698
0.278117,0.0648491,0.198235,0.458799
0.294061,0.0775446,0.221936,0.406458
0.294702,0.0710763,0.209958,0.424263
0.294753,0.073302,0.236481,0.395464
0.297731,0.070528,0.223017,0.408724
0.297489,0.0676449,0.215983,0.418883
0.293393,0.0663951,0.215098,0.425114
0.296662,0.0680553,0.221711,0.413572
0.310025,0.0790284,0.223373,0.387574
0.301913,0.0758019,0.226618,0.395667
0.308683,0.0706187,0.23025,0.390448
0.303852,0.0674899,0.227996,0.400662
0.311085,0.0667527,0.220983,0.401179
0.315285,0.0685487,0.234979,0.381187
0.320426,0.0808536,0.223591,0.375129
0.325465,0.0780456,0.220507,0.375982
0.317876,0.0718957,0.241075,0.369153
0.311954,0.0746447,0.253221,0.36018
0.308598,0.0621427,0.233444,0.395816
0.311041,0.0722522,0.250653,0.366054
0.323037,0.0704501,0.252961,0.353552
0.334801,0.0851624,0.267948,0.312089
0.330174,0.0814134,0.258192,0.33022
0.345102,0.0857369,0.25352,0.315641
0.329281,0.0828582,0.261986,0.325875
0.311607,0.0751234,0.256514,0.356756
0.305936,0.0826521,0.25697,0.354442
0.308032,0.0877806,0.253949,0.350238
0.314712,0.0907108,0.254224,0.340353
0.321978,0.0920885,0.248693,0.33724
0.319134,0.0875948,0.228148,0.365124
0.319564,0.0899858,0.231369,0.359081
0.313286,0.073282,0.238117,0.375315
0.312837,0.0868511,0.235015,0.365297
0.307848,0.089599,0.235628,0.366925
0.296812,0.0785731,0.223023,0.401591
0.318844,0.0821927,0.20758,0.391384
0.324286,0.0902134,0.19816,0.387341
0.311016,0.0816501,0.214158,0.393175
0.318076,0.0915681,0.212262,0.378094
0.335031,0.0960453,0.211289,0.357635
0.333744,0.0943723,0.21759,0.354294
0.318036,0.0849155,0.214916,0.382133
0.337382,0.0799261,0.206191,0.376501
0.307472,0.0799283,0.212029,0.40057
