EUR=X,JPY=X,CHFUSD,GLD
0.380007,0.0572786,0.0967136,0.466001
0.358405,0.0472125,0.101784,0.492598
0.349695,0.0525709,0.112214,0.48552
0.331764,0.0443789,0.105268,0.51859
0.336691,0.0456663,0.113026,0.504616
0.330208,0.0395478,0.113499,0.516745
0.319333,0.0377052,0.106554,0.536407
0.333657,0.0427026,0.120825,0.502816
0.335806,0.0436033,0.117687,0.502904
0.348175,0.0477785,0.137907,0.46614
0.321615,0.0423282,0.144793,0.491263
0.348745,0.0419255,0.144809,0.464521
0.321246,0.0371303,0.130333,0.511291
0.308584,0.0332908,0.125541,0.532585
0.291278,0.0320872,0.131194,0.54544
0.302825,0.0311101,0.138219,0.527846
0.2935,0.0334327,0.138859,0.534209
0.300365,0.0338427,0.131402,0.534391
0.326704,0.0386211,0.133194,0.501481
0.336855,0.0370971,0.120146,0.505902
0.323455,0.0338056,0.117944,0.524796
0.333194,0.0356459,0.128452,0.502709
0.318893,0.0373809,0.117341,0.526386
0.307263,0.0404957,0.12141,0.530832
0.295707,0.0421939,0.111959,0.55014
0.28075,0.0460372,0.110491,0.562722
0.266697,0.0429667,0.0959669,0.59437
0.270553,0.0437143,0.095766,0.589966
0.294988,0.0491398,0.0963817,0.55949
0.316146,0.0532288,0.0915654,0.53906
0.311295,0.0589462,0.095663,0.534096
0.338969,0.057097,0.0958732,0.508061
0.322819,0.07015,0.100287,0.506744
0.310666,0.0815858,0.0987095,0.509039
0.305005,0.0828876,0.10399,0.508117
0.314626,0.0911573,0.107527,0.486689
0.283657,0.0806836,0.104621,0.531038
0.292002,0.0822785,0.0983462,0.527373
0.292566,0.075395,0.0892614,0.542777
0.295576,0.0856775,0.0949798,0.523766
0.271478,0.0751315,0.10309,0.550301
0.292703,0.0832665,0.105235,0.518795
0.279978,0.0644438,0.102104,0.553474
0.291536,0.0648847,0.102752,0.540828
0.286394,0.0569939,0.103193,0.553419
0.287456,0.0543366,0.101361,0.556847
0.270768,0.0531507,0.112647,0.563435
0.254248,0.045289,0.111184,0.589279
0.252617,0.0447445,0.112679,0.589959
0.247536,0.0400842,0.102715,0.609664
0.245718,0.0396207,0.09627,0.618391
0.260593,0.036656,0.092411,0.61034
0.265828,0.0366906,0.0930836,0.604398
0.254562,0.0354282,0.0984776,0.611532
0.264677,0.0371404,0.105448,0.592735
0.257097,0.0335244,0.110275,0.599104
0.234669,0.0322395,0.124482,0.60861
0.225141,0.0300759,0.121355,0.623428
0.220562,0.0280335,0.121233,0.630171
0.214259,0.0281594,0.123549,0.634033
0.20339,0.0291282,0.108595,0.658886
0.225381,0.0289522,0.107312,0.638355
0.225605,0.0329088,0.121125,0.620362
0.233661,0.0350992,0.117848,0.613392
0.236816,0.035818,0.127129,0.600237
0.232856,0.0378719,0.126371,0.602901
0.231871,0.0371265,0.120831,0.610171
0.24028,0.0398401,0.113491,0.606389
0.238074,0.037991,0.112949,0.610986
0.238393,0.0359281,0.123202,0.602477
0.240249,0.031833,0.129887,0.598031
0.254501,0.0372662,0.14457,0.563662
0.225407,0.0357482,0.141815,0.59703
0.240021,0.0437369,0.145361,0.57088
0.249896,0.0408741,0.134163,0.575067
0.265984,0.0399047,0.126157,0.567955
0.243636,0.0344639,0.135789,0.586112
0.239152,0.0322156,0.149116,0.579517
0.227123,0.0322077,0.153045,0.587624
0.245352,0.0389963,0.146273,0.569379
0.246979,0.039905,0.142404,0.570712
0.235811,0.0375478,0.128309,0.598332
0.234139,0.0325029,0.123349,0.610008
0.236121,0.0342607,0.124231,0.605387
0.261899,0.0351559,0.131739,0.571206
0.27444,0.0370732,0.138306,0.550181
0.282904,0.0383987,0.143825,0.534872
0.279476,0.0361176,0.146238,0.538169
0.287135,0.035728,0.151578,0.525559
0.288641,0.0351155,0.148481,0.527763
0.278908,0.0349794,0.142235,0.543878
0.256811,0.0313077,0.137202,0.574679
0.25537,0.0285922,0.142155,0.573883
0.258294,0.0312325,0.131466,0.579008
0.255568,0.0298775,0.134854,0.5797
0.249977,0.0296467,0.134892,0.585484
0.258072,0.0315437,0.130105,0.580279
0.254477,0.0310714,0.127669,0.586783
0.266984,0.032868,0.121558,0.578589
0.269915,0.0291047,0.104446,0.596535
0.265542,0.0279629,0.113486,0.593009
0.245747,0.0288268,0.108102,0.617324
0.234299,0.0268802,0.103693,0.635128
0.25041,0.0293175,0.105917,0.614356
0.252602,0.0303909,0.0990242,0.617983
0.273983,0.0329821,0.0998648,0.59317
0.287422,0.0284003,0.0939521,0.590226
0.276486,0.027957,0.0912751,0.604281
0.295107,0.0305187,0.105031,0.569343
0.305683,0.0352312,0.094036,0.56505
0.302277,0.038161,0.101281,0.55828
0.296053,0.0431952,0.106522,0.55423
0.308657,0.0463113,0.10145,0.543582
0.29008,0.0405308,0.0956056,0.573784
0.293311,0.0386949,0.0879877,0.580007
0.310525,0.0396144,0.0912417,0.558619
0.297751,0.0399829,0.097554,0.564712
0.299345,0.0424222,0.100925,0.557308
0.3007,0.0354057,0.0979949,0.565899
0.304367,0.0379212,0.0952024,0.562509
0.322412,0.0405205,0.0996061,0.537462
0.317776,0.0368939,0.0931624,0.552168
0.308595,0.033392,0.0978836,0.560129
0.25254,0.033572,0.0958463,0.618042
0.264663,0.0333403,0.100638,0.601358
0.255456,0.0326654,0.0985098,0.613368
0.257145,0.0321651,0.115671,0.595019
0.258688,0.032026,0.109915,0.599372
0.260042,0.028725,0.0992483,0.611985
0.249919,0.0292394,0.089914,0.630927
0.242042,0.0276582,0.0886012,0.641699
0.236051,0.0269799,0.0938846,0.643084
0.231742,0.025368,0.0981537,0.644737
0.207521,0.0283677,0.0969541,0.667157
0.215658,0.0273593,0.0982067,0.658776
0.214163,0.0267455,0.081305,0.677787
0.229325,0.0262533,0.0865953,0.657826
0.240271,0.0279824,0.0883656,0.643381
0.255267,0.0325929,0.0982558,0.613885
0.253635,0.0351116,0.10012,0.611133
0.253874,0.0335075,0.104555,0.608064
0.257618,0.0376132,0.113662,0.591108
0.272049,0.040682,0.114004,0.573265
0.277169,0.0409723,0.120399,0.56146
0.26775,0.0457041,0.123371,0.563175
0.273014,0.0443552,0.130357,0.552274
0.264543,0.0456277,0.131172,0.558658
0.265156,0.0482779,0.138042,0.548525
0.284847,0.0525872,0.130334,0.532232
0.273022,0.0463663,0.142001,0.538611
0.290446,0.0536743,0.135496,0.520383
0.292877,0.0563476,0.135999,0.514777
0.277093,0.0479815,0.132685,0.54224
0.28336,0.0517844,0.135449,0.529407
0.295112,0.0543027,0.125276,0.525309
0.285957,0.0500779,0.126759,0.537206
0.248795,0.0408713,0.135179,0.575154
0.25862,0.0435561,0.133689,0.564135
0.295918,0.0475437,0.142838,0.5137
0.279711,0.0462667,0.135868,0.538155
0.277531,0.0446674,0.142903,0.534898
0.290967,0.0405406,0.134526,0.533966
0.272219,0.0368035,0.137816,0.553161
0.266432,0.0397701,0.147167,0.546631
0.268383,0.0372423,0.153436,0.540939
0.252422,0.033732,0.149878,0.563968
0.250142,0.0321558,0.164149,0.553553
0.23743,0.0308953,0.150203,0.581471
0.218868,0.0259586,0.154192,0.600981
0.212133,0.0287869,0.154133,0.604947
0.202452,0.0264662,0.149098,0.621984
0.208214,0.025871,0.144556,0.621359
0.207628,0.0253287,0.159667,0.607377
0.199794,0.0211747,0.149286,0.629745
0.203465,0.0244086,0.162609,0.609517
0.194123,0.0247135,0.14348,0.637683
0.21129,0.0342454,0.153675,0.60079
0.214601,0.0317403,0.146743,0.606915
0.203379,0.0313987,0.150317,0.614905
0.193516,0.0290981,0.161311,0.616075
0.204009,0.0313981,0.169109,0.595484
0.209468,0.0320883,0.158004,0.60044
0.222544,0.0324786,0.167234,0.577744
0.218359,0.0361309,0.157627,0.587883
0.223098,0.0384949,0.149447,0.58896
0.207317,0.0385422,0.135154,0.618987
0.189641,0.0318407,0.132787,0.645731
0.199251,0.0387544,0.139738,0.622257
0.222762,0.0419169,0.146072,0.589249
0.209882,0.0419459,0.137016,0.611156
0.213995,0.0410011,0.138802,0.606202
0.228202,0.0343739,0.14043,0.596994
0.25576,0.0397318,0.151227,0.55328
0.229558,0.0365331,0.151595,0.582314
0.247877,0.040466,0.166496,0.545161
0.239643,0.0383823,0.182293,0.539682
0.23941,0.0369846,0.180811,0.542794
0.245819,0.0314014,0.155933,0.566846
0.27194,0.0331302,0.175349,0.519581
0.259667,0.0333391,0.184643,0.522351
0.2592,0.0340752,0.16329,0.543435
0.272384,0.0408488,0.167178,0.51959
0.259028,0.0345443,0.180665,0.525762
0.26929,0.0360584,0.175546,0.519106
0.288398,0.0400467,0.179742,0.491813
0.279912,0.0376086,0.16637,0.51611
0.249555,0.0346721,0.175629,0.540144
0.245236,0.0355891,0.187073,0.532102
0.265595,0.0374621,0.181158,0.515785
0.263097,0.0327963,0.199598,0.504509
0.256216,0.0330042,0.196644,0.514135
0.263786,0.0356242,0.19895,0.50164
0.254473,0.0366097,0.187676,0.521242
0.248356,0.0399789,0.199476,0.512189
0.256754,0.0424157,0.207384,0.493447
0.261874,0.0469323,0.192899,0.498295
0.263077,0.0441011,0.214719,0.478103
0.243864,0.0468347,0.207086,0.502215
0.263556,0.0504929,0.190136,0.495815
0.258995,0.0514722,0.198932,0.4906
0.250423,0.0505358,0.186593,0.512449
0.256978,0.0510952,0.195411,0.496516
0.267995,0.054576,0.183751,0.493678
0.241652,0.0527624,0.182492,0.523094
0.25377,0.0603347,0.195232,0.490664
0.254345,0.0651849,0.180622,0.499848
0.276853,0.0691701,0.17738,0.476597
0.265383,0.0664928,0.182286,0.485838
0.285867,0.0623854,0.186824,0.464924
0.287315,0.0624157,0.19304,0.45723
0.268134,0.0524021,0.211693,0.467771
0.275531,0.0594695,0.199388,0.465612
0.301422,0.0688196,0.210302,0.419456
0.282225,0.064938,0.21352,0.439318
0.288611,0.0671483,0.214245,0.429996
0.290362,0.0622529,0.207257,0.440129
0.303874,0.0697716,0.195776,0.430578
0.301884,0.0649387,0.197711,0.435467
0.332162,0.0666551,0.188958,0.412225
0.337173,0.0701547,0.215275,0.377397
0.345244,0.0766676,0.219932,0.358156
0.310181,0.0651744,0.221793,0.402852
0.333212,0.071618,0.21663,0.378539
0.328536,0.074653,0.22985,0.366962
0.352763,0.0794952,0.225095,0.342647
0.341108,0.0843785,0.225471,0.349042
0.351381,0.0825441,0.219967,0.346108
0.342195,0.0757133,0.239231,0.342861
0.346982,0.0690901,0.237116,0.346811
0.331867,0.069473,0.229521,0.369139
0.349808,0.0781737,0.220947,0.351072
0.332864,0.0731644,0.228936,0.365036
0.348312,0.0861745,0.22245,0.343063
0.311002,0.0718255,0.233488,0.383685
0.288911,0.0656838,0.229179,0.416227
0.273063,0.0666154,0.230902,0.42942
0.283485,0.066797,0.231822,0.417895
0.263033,0.06234,0.214773,0.459854
0.294386,0.0674976,0.198919,0.439198
0.295622,0.0635829,0.207097,0.433698
0.282616,0.0560556,0.212428,0.448901
0.283362,0.0588367,0.197126,0.460675
0.269631,0.0552866,0.216453,0.458629
0.259497,0.0570933,0.22281,0.460599
0.283543,0.0616849,0.225704,0.429068
0.28112,0.0643222,0.237984,0.416574
0.282442,0.0609154,0.230963,0.42568
0.295267,0.0672021,0.229163,0.408368
0.297983,0.0664087,0.234294,0.401315
0.314114,0.0664478,0.215228,0.40421
0.305854,0.0627586,0.240692,0.390696
0.289192,0.0566927,0.247282,0.406833
0.31052,0.0639196,0.248752,0.376808
0.293768,0.0602382,0.259925,0.386068
0.319616,0.0611653,0.225977,0.393241
0.320852,0.0643333,0.209554,0.405261
0.316268,0.0638199,0.217277,0.402635
0.319499,0.0570477,0.203628,0.419826
0.333779,0.0593515,0.20356,0.403309
0.319642,0.0608982,0.217463,0.401997
0.31655,0.060177,0.21605,0.407223
0.31545,0.0617143,0.222288,0.400548
0.319577,0.0600164,0.225331,0.395075
0.324195,0.0668606,0.229024,0.37992
0.319586,0.0559395,0.221111,0.403364
0.291404,0.0543686,0.231994,0.422234
0.304897,0.0535961,0.207171,0.434336
0.308098,0.0481512,0.203345,0.440405
0.326371,0.0562104,0.195202,0.422217
0.325573,0.0512155,0.183125,0.440087
0.340631,0.0533927,0.182376,0.4236
0.347933,0.0525682,0.181024,0.418475
0.336798,0.055817,0.199486,0.407899
0.327437,0.0546771,0.184691,0.433195
0.328885,0.0505211,0.173443,0.447151
0.323907,0.0547253,0.196767,0.424601
0.333572,0.0543205,0.171827,0.440281
0.324019,0.0621668,0.174363,0.439451
0.319257,0.0541149,0.159488,0.467141
0.337874,0.0580892,0.152798,0.451238
0.356725,0.0608446,0.149893,0.432537
0.347444,0.0543344,0.146569,0.451653
0.353277,0.0492677,0.142056,0.4554
0.346314,0.0502056,0.15409,0.44939
0.365491,0.0570391,0.149356,0.428114
0.342062,0.0621478,0.154934,0.440857
0.326629,0.0556093,0.14656,0.471201
0.322011,0.057943,0.142455,0.47759
0.343289,0.0666446,0.145926,0.444141
0.334368,0.0597659,0.141012,0.464854
0.327058,0.0591166,0.154101,0.459724
0.34715,0.0606798,0.146265,0.445905
0.380985,0.0619784,0.142331,0.414706
0.388053,0.0661492,0.143547,0.40225
0.391241,0.0636859,0.135288,0.409785
0.386458,0.0585186,0.138794,0.416229
0.358027,0.0515199,0.142393,0.44806
0.34582,0.058432,0.157931,0.437817
0.324383,0.0619583,0.17017,0.443488
0.320359,0.0612601,0.164446,0.453935
0.326319,0.068017,0.164274,0.44139
0.34454,0.0600077,0.146819,0.448633
0.356844,0.0683166,0.150191,0.424648
0.343327,0.0696777,0.152896,0.434099
0.356099,0.0632218,0.158201,0.422478
0.388837,0.0668394,0.149445,0.394879
0.340623,0.0588388,0.144979,0.45556
0.352389,0.0653527,0.13546,0.446798
0.371039,0.0662695,0.139552,0.42314
0.345052,0.0618051,0.140207,0.452937
0.379045,0.0721562,0.130798,0.418001
0.370883,0.0798913,0.143031,0.406195
0.366983,0.070226,0.138144,0.424647
0.344885,0.0543729,0.152157,0.448585
0.33777,0.0568926,0.146642,0.458695
0.348687,0.0592084,0.139712,0.452393
0.350563,0.0649297,0.158917,0.42559
0.324736,0.059166,0.15963,0.456468
0.36139,0.0640106,0.133445,0.441154
0.342773,0.0630998,0.139056,0.455071
0.343693,0.0581706,0.132697,0.465439
0.359652,0.070293,0.12855,0.441504
0.353477,0.0619848,0.123301,0.461237
0.360996,0.068051,0.137823,0.43313
0.353034,0.0650107,0.122625,0.459331
0.346865,0.0590932,0.123545,0.470497
0.358111,0.0603051,0.133313,0.448271
0.317274,0.0506633,0.138837,0.493225
0.307713,0.0556457,0.13427,0.502372
0.292727,0.0542886,0.152356,0.500629
0.281796,0.0501904,0.13283,0.535184
0.280977,0.0502684,0.128194,0.540561
0.290155,0.0513685,0.137854,0.520623
0.281336,0.0487914,0.146318,0.523554
0.282274,0.0508577,0.140217,0.526651
0.271558,0.0496631,0.139042,0.539737
0.272761,0.0487133,0.13915,0.539376
0.269157,0.0472941,0.14921,0.534339
0.243645,0.0416681,0.125033,0.589654
0.234799,0.0385985,0.126752,0.599851
0.227405,0.0374129,0.124098,0.611084
0.22864,0.0427158,0.126331,0.602313
0.236417,0.0413955,0.133823,0.588364
0.23487,0.0396071,0.13322,0.592303
0.231711,0.0366562,0.138668,0.592964
0.25421,0.0432033,0.143904,0.558683
0.261498,0.0475016,0.139161,0.55184
0.256934,0.044565,0.153072,0.545429
0.263596,0.0482251,0.157237,0.530941
0.246147,0.0464893,0.154551,0.552813
0.240706,0.0460445,0.158672,0.554578
0.210812,0.0445293,0.166865,0.577794
0.227475,0.0508194,0.16274,0.558965
0.212014,0.0479385,0.161283,0.578764
0.212332,0.05046,0.170604,0.566604
0.271498,0.0634179,0.173852,0.491232
0.277481,0.0704044,0.160398,0.491716
0.280573,0.0638467,0.159543,0.496037
0.296974,0.0631197,0.176493,0.463413
0.305685,0.0629986,0.170236,0.461081
0.287306,0.0586594,0.168684,0.485351
0.259541,0.0509134,0.173453,0.516093
0.25086,0.0540863,0.164564,0.530489
0.260242,0.0515865,0.168842,0.51933
0.258056,0.0521235,0.166534,0.523287
0.253257,0.0491766,0.153822,0.543744
0.253837,0.0412634,0.160435,0.544465
0.24933,0.0473605,0.15219,0.55112
0.267548,0.058745,0.145703,0.528004
0.264971,0.0597452,0.151194,0.52409
0.263304,0.0588113,0.149221,0.528663
0.259785,0.0696389,0.160329,0.510247
0.258285,0.0665938,0.169434,0.505687
0.280899,0.0653506,0.159158,0.494592
0.279521,0.0658432,0.17642,0.478216
0.280277,0.0572037,0.154454,0.508066
0.307544,0.0587471,0.153526,0.480183
0.31132,0.0553316,0.162118,0.47123
0.291352,0.0574273,0.156802,0.494419
0.281609,0.0582966,0.148843,0.511252
0.287411,0.0559136,0.150489,0.506186
0.262771,0.0609451,0.159073,0.517212
0.253743,0.0595114,0.157725,0.52902
0.24861,0.0547157,0.157295,0.539379
0.26234,0.0508538,0.166485,0.520321
0.259563,0.0530475,0.162267,0.525123
0.275181,0.0527156,0.156887,0.515217
0.284242,0.051711,0.163834,0.500213
0.26616,0.0495207,0.135208,0.549112
0.262565,0.0504233,0.168842,0.51817
0.266346,0.0507431,0.163078,0.519833
0.258235,0.0527407,0.169485,0.51954
0.26041,0.0549905,0.152069,0.532531
0.301719,0.0604701,0.165733,0.472078
0.306828,0.0619152,0.156944,0.474313
0.315169,0.0572484,0.160012,0.467571
0.313475,0.0528395,0.152646,0.481039
0.313553,0.058447,0.162365,0.465635
0.312655,0.059104,0.174081,0.45416
0.31537,0.0670693,0.186269,0.431292
0.316037,0.0623781,0.193885,0.4277
0.318611,0.0542595,0.184254,0.442875
0.288314,0.0513302,0.194658,0.465698
0.312003,0.0554223,0.183594,0.448981
0.310448,0.0570237,0.164601,0.467928
0.278347,0.0494568,0.177683,0.494514
0.273219,0.0569288,0.195414,0.474439
0.290911,0.0528865,0.167808,0.488394
0.26322,0.0430134,0.175732,0.518034
0.249895,0.0439345,0.17008,0.53609
0.276694,0.0465776,0.178397,0.498332
0.270932,0.0415787,0.165608,0.521881
0.282136,0.044259,0.163306,0.510298
0.307456,0.0455762,0.157938,0.48903
0.296988,0.0436733,0.143808,0.515531
0.279897,0.0430788,0.136181,0.540843
0.253123,0.0388978,0.153345,0.554634
0.236807,0.0435198,0.137607,0.582066
0.241234,0.0458663,0.133341,0.579559
0.248274,0.0505287,0.137276,0.563921
0.262393,0.0501573,0.125125,0.562324
0.283756,0.053079,0.148396,0.51477
0.278516,0.0542624,0.152012,0.51521
0.282263,0.0616645,0.161764,0.494308
0.305079,0.0629985,0.159761,0.472162
0.288226,0.0653917,0.157727,0.488656
0.280813,0.0578182,0.172701,0.488667
0.279963,0.0580756,0.162691,0.499271
0.28455,0.0596973,0.155311,0.500442
0.300158,0.0645049,0.154856,0.480482
0.291701,0.0690592,0.137188,0.502052
0.333066,0.0770465,0.144409,0.445478
0.322462,0.0677504,0.143824,0.465963
0.308264,0.0634878,0.132722,0.495526
0.289732,0.0599533,0.14675,0.503564
0.270409,0.0585852,0.161384,0.509622
0.267923,0.0591575,0.168972,0.503947
0.270386,0.0500399,0.173359,0.506215
0.24742,0.0451214,0.172832,0.534626
0.27096,0.0424919,0.169267,0.517281
0.281193,0.0462565,0.174298,0.498253
0.300235,0.0460818,0.164936,0.488746
0.316866,0.0573282,0.160524,0.465281
0.301081,0.0582544,0.175526,0.465139
0.28342,0.059453,0.183132,0.473995
0.273148,0.0539018,0.177406,0.495544
0.269556,0.0552104,0.174171,0.501063
0.290266,0.0642438,0.166086,0.479404
0.330578,0.0733777,0.152089,0.443955
0.329507,0.0706355,0.153033,0.446825
0.308431,0.0600866,0.15952,0.471962
0.318008,0.0637014,0.153485,0.464805
0.288236,0.0553714,0.166539,0.489853
0.251539,0.0556869,0.175057,0.517717
0.232372,0.0558848,0.185598,0.526146
0.254158,0.0606179,0.182449,0.502775
0.250497,0.0497332,0.179565,0.520204
0.267038,0.0491186,0.172755,0.511089
0.310186,0.0566109,0.176943,0.45626
0.327659,0.0640931,0.166753,0.441495
0.316683,0.0690535,0.178813,0.43545
0.308413,0.0702211,0.157074,0.464291
0.309996,0.0576668,0.155412,0.476924
0.274282,0.0562202,0.157071,0.512426
0.284066,0.0549088,0.163138,0.497887
0.292249,0.0595305,0.160263,0.487957
0.30582,0.0539876,0.1638,0.476392
0.307216,0.0572041,0.169151,0.466429
0.329552,0.0514591,0.17268,0.446309
0.331536,0.0598972,0.161245,0.447322
0.343055,0.064733,0.161913,0.430299
0.327666,0.0607127,0.164753,0.446868
0.322548,0.0603998,0.151334,0.465718
0.290627,0.0598645,0.161696,0.487813
0.287509,0.0595972,0.178346,0.474547
0.302945,0.0586045,0.178385,0.460066
0.332805,0.0573867,0.172967,0.436842
0.322031,0.0564265,0.149039,0.472504
0.336672,0.0540096,0.156407,0.452911
0.346867,0.0562676,0.164546,0.43232
0.344313,0.0601737,0.160025,0.435488
0.326683,0.0497941,0.158046,0.465478
0.327625,0.0461986,0.163892,0.462285
0.311042,0.0460386,0.157236,0.485683
0.301074,0.0461151,0.141986,0.510825
0.318976,0.0466393,0.151583,0.482802
0.336253,0.0453039,0.153569,0.464875
0.307666,0.0441927,0.162935,0.485206
0.296062,0.0454984,0.170897,0.487543
0.319535,0.0431353,0.174502,0.462828
0.306994,0.0427727,0.164458,0.485776
0.316741,0.0446815,0.173449,0.465129
0.315261,0.0455749,0.17744,0.461724
0.281682,0.0478056,0.190953,0.479559
0.297727,0.0473312,0.17577,0.479172
0.312606,0.0501019,0.177487,0.459805
0.33099,0.049604,0.16307,0.456336
0.316169,0.052691,0.152847,0.478292
0.321047,0.0594183,0.158658,0.460877
0.330315,0.0542592,0.152601,0.462825
0.295286,0.0521183,0.161649,0.490947
0.277614,0.0461429,0.154839,0.521403
0.28779,0.0477884,0.164795,0.499626
0.295159,0.0476754,0.170081,0.487085
0.289083,0.0468886,0.170782,0.493246
0.312913,0.0539521,0.166754,0.466381
0.314708,0.0513012,0.157537,0.476454
0.286902,0.0472675,0.160656,0.505175
0.282539,0.0563617,0.172029,0.48907
0.329597,0.0618789,0.154175,0.454349
0.347835,0.062019,0.15828,0.431866
0.319295,0.0638036,0.159469,0.457433
0.34106,0.0673943,0.158949,0.432597
0.341207,0.0690129,0.183498,0.406281
0.323529,0.0637217,0.170751,0.441998
0.314827,0.0613076,0.171152,0.452713
0.310264,0.0657991,0.173187,0.45075
0.307766,0.0671235,0.17964,0.44547
0.292151,0.0651463,0.184946,0.457756
0.295157,0.058058,0.173493,0.473292
0.314949,0.0654081,0.181904,0.437738
0.293772,0.0745773,0.178379,0.453271
0.282908,0.0646616,0.176603,0.475827
0.308787,0.0702304,0.194167,0.426816
0.314338,0.0677812,0.172326,0.445555
0.305433,0.0719589,0.182034,0.440574
0.313528,0.0640312,0.170208,0.452233
0.30283,0.0646149,0.177922,0.454633
0.284382,0.0620318,0.181925,0.471661
0.287986,0.065144,0.178321,0.468549
0.27519,0.0599924,0.175339,0.489478
0.263914,0.0558885,0.183934,0.496263
0.262514,0.0546546,0.180297,0.502535
0.270251,0.0535138,0.170702,0.505532
0.279512,0.0557079,0.174032,0.490748
0.269146,0.0549097,0.179329,0.496615
0.27747,0.0533648,0.173944,0.495221
0.252173,0.0497809,0.181996,0.51605
0.223491,0.0470735,0.194671,0.534765
0.241123,0.0515219,0.179495,0.52786
0.259605,0.0596431,0.169057,0.511694
0.254859,0.0593482,0.176462,0.509331
0.258879,0.0580024,0.183331,0.499788
0.268854,0.060963,0.185379,0.484803
0.267992,0.066537,0.169001,0.49647
0.253187,0.063966,0.18837,0.494477
0.269246,0.0634767,0.206532,0.460746
0.257607,0.0591225,0.198395,0.484876
0.254061,0.0689558,0.22414,0.452843
0.254074,0.0584749,0.208015,0.479436
0.247919,0.0586893,0.212162,0.48123
0.239912,0.0533945,0.212253,0.49444
0.246653,0.0571762,0.193446,0.502724
0.287327,0.0634608,0.202972,0.446241
0.269612,0.0563304,0.201007,0.473051
0.253163,0.053026,0.206254,0.487557
0.255223,0.0561899,0.214564,0.474022
0.251188,0.0538292,0.212542,0.482441
0.264076,0.0563103,0.215261,0.464353
0.247295,0.0528312,0.221935,0.477939
0.274307,0.0556616,0.222377,0.447654
0.241564,0.0562321,0.238006,0.464198
0.256716,0.0597143,0.213545,0.470025
0.261223,0.0599941,0.217397,0.461387
0.265572,0.0558043,0.218194,0.46043
0.27021,0.0689719,0.230851,0.429967
0.287435,0.0565503,0.221497,0.434517
0.303976,0.0602553,0.216633,0.419136
0.28918,0.0593746,0.24435,0.407095
0.292587,0.0634494,0.219912,0.424052
0.31993,0.0741048,0.201711,0.404254
0.28685,0.0719225,0.218167,0.423061
0.279369,0.0697348,0.198622,0.452274
0.309784,0.0772047,0.199104,0.413908
0.288722,0.0750434,0.205446,0.430789
0.274768,0.072204,0.197669,0.455359
0.284007,0.0681325,0.222579,0.425281
0.290349,0.0697805,0.192676,0.447195
0.29636,0.0741967,0.200985,0.428458
0.288473,0.081774,0.229062,0.40069
0.294335,0.0881038,0.220979,0.396581
0.308436,0.102621,0.225975,0.362969
0.290479,0.0939,0.226561,0.389059
0.293588,0.09456,0.224982,0.386871
0.288548,0.0876431,0.232539,0.39127
0.282753,0.0806241,0.223218,0.413405
0.289391,0.0843702,0.220083,0.406156
0.285582,0.0829949,0.227853,0.40357
0.296691,0.0820128,0.239436,0.38186
0.295986,0.0799127,0.234705,0.389396
0.296994,0.0763391,0.239683,0.386984
0.292564,0.0878131,0.263792,0.355831
0.299604,0.0897503,0.257841,0.352804
0.306411,0.0944132,0.263854,0.335322
0.306818,0.101608,0.260982,0.330591
0.313368,0.0997049,0.261105,0.325823
0.314499,0.103487,0.264412,0.317602
0.316268,0.0955737,0.258643,0.329515
0.333886,0.104326,0.262835,0.298953
0.318159,0.0928802,0.264732,0.324228
0.326117,0.0883859,0.270042,0.315455
0.335046,0.0904891,0.260414,0.314051
0.331778,0.0932868,0.270888,0.304046
0.332566,0.102666,0.29093,0.273837
0.33231,0.106481,0.283866,0.277343
0.333624,0.106265,0.27771,0.282401
0.341928,0.101924,0.285996,0.270151
0.342873,0.0930995,0.271558,0.292469
0.348897,0.0893681,0.286063,0.275672
0.350418,0.0944404,0.275457,0.279685
0.351836,0.0876318,0.271681,0.288851
0.359012,0.0935143,0.259951,0.287523
0.356103,0.0832328,0.251588,0.309077
0.361458,0.0938847,0.266459,0.278198
0.355074,0.0844116,0.262394,0.29812
0.356819,0.0870735,0.26404,0.292067
0.350374,0.0877286,0.268884,0.293013
0.341362,0.0846223,0.278574,0.295442
0.350737,0.0834536,0.275015,0.290795
0.352453,0.0900461,0.280072,0.277429
0.360165,0.0942474,0.261755,0.283832
0.360431,0.092334,0.272535,0.2747
0.358358,0.0818096,0.253799,0.306033
0.353482,0.0871878,0.279826,0.279504
0.360348,0.0845061,0.271416,0.28373
0.342817,0.0801041,0.273335,0.303745
0.345012,0.0843655,0.261971,0.308652
0.327069,0.0775021,0.237085,0.358344
0.33026,0.0867815,0.241088,0.341871
0.328237,0.0891396,0.259383,0.323241
0.316516,0.0781368,0.227412,0.377935
0.335238,0.0831695,0.241338,0.340255
0.339187,0.0787064,0.245111,0.336996
0.337692,0.0814161,0.237371,0.343521
0.344945,0.0834415,0.239505,0.332108
0.331215,0.0788442,0.253034,0.336907
0.333467,0.088492,0.249718,0.328323
0.322009,0.0894906,0.270566,0.317935
0.328212,0.0820106,0.258129,0.331648
0.345176,0.0881659,0.274248,0.29241
0.352917,0.0869212,0.266775,0.293387
0.361124,0.0893579,0.271294,0.278223
0.367519,0.0870127,0.257138,0.28833
0.368489,0.09031,0.262232,0.278969
0.37752,0.0993009,0.26287,0.260309
0.373157,0.0945212,0.264639,0.267683
0.374411,0.10644,0.262422,0.256727
0.373965,0.094139,0.265453,0.266443
0.391886,0.104199,0.259377,0.244538
0.395968,0.0982841,0.263068,0.242679
0.386346,0.0838158,0.255673,0.274165
0.395531,0.0863062,0.258897,0.259265
0.410607,0.075391,0.232061,0.281941
0.414598,0.0739602,0.227141,0.284301
0.405108,0.0703208,0.229373,0.295198
0.406456,0.074062,0.218481,0.301001
0.414526,0.0792474,0.215059,0.291168
0.373072,0.0720701,0.228805,0.326053
0.35076,0.0657483,0.234891,0.348601
0.343281,0.0758649,0.244089,0.336765
0.33253,0.077599,0.250077,0.339794
0.329877,0.0726718,0.24756,0.349891
0.368318,0.0760813,0.212068,0.343533
0.378358,0.0695942,0.207987,0.34406
0.361065,0.0696018,0.20392,0.365413
0.355571,0.0665004,0.211063,0.366866
0.345076,0.0712064,0.218416,0.365301
0.351603,0.0637274,0.188797,0.395873
0.355824,0.0717258,0.199858,0.372593
0.360864,0.0695344,0.201013,0.368589
0.347053,0.0744267,0.208119,0.370401
0.347489,0.0739058,0.208303,0.370303
0.351117,0.0708565,0.204256,0.37377
0.348724,0.0759499,0.214764,0.360562
0.358222,0.0831339,0.220134,0.338511
0.365423,0.076638,0.203601,0.354339
0.380558,0.0867995,0.201799,0.330844
0.392633,0.0799712,0.194899,0.332497
0.394322,0.0851052,0.186732,0.333841
0.391246,0.0913838,0.19963,0.317741
0.38821,0.0916983,0.19338,0.326712
0.381797,0.092522,0.211956,0.313725
0.360717,0.08504,0.202727,0.351516
0.345391,0.090388,0.218702,0.345519
0.370249,0.0960367,0.203746,0.329968
0.366042,0.0890407,0.209773,0.335144
0.383052,0.100218,0.215672,0.301059
0.369991,0.0860903,0.216064,0.327855
0.368388,0.088815,0.213182,0.329616
0.368085,0.0789229,0.216569,0.336424
0.355789,0.0805105,0.219624,0.344076
0.3436,0.0812652,0.219737,0.355398
0.317768,0.0798317,0.242247,0.360153
0.32086,0.0725259,0.214113,0.392502
0.321968,0.0668609,0.21873,0.392441
0.343574,0.072327,0.195018,0.389082
0.342167,0.072335,0.200242,0.385256
0.344154,0.075985,0.21031,0.369551
0.338115,0.0640827,0.182471,0.415331
0.337107,0.0620782,0.190618,0.410196
0.319595,0.057286,0.168659,0.45446
0.30548,0.055541,0.169039,0.46994
0.281338,0.0440653,0.181681,0.492916
0.289959,0.0527003,0.193618,0.463723
0.304774,0.0539765,0.196999,0.444251
0.31655,0.0507846,0.220375,0.41229
0.335162,0.0542973,0.217554,0.392987
0.336121,0.0521775,0.224224,0.387477
0.318503,0.0544644,0.255847,0.371185
0.307208,0.0608327,0.25829,0.37367
0.313768,0.0543728,0.247053,0.384806
0.317333,0.0638914,0.26085,0.357926
0.299573,0.0554843,0.244284,0.400659
0.316653,0.0633009,0.233207,0.386839
0.313825,0.0632951,0.228918,0.393962
0.310213,0.0611731,0.253883,0.37473
0.353619,0.0615502,0.224466,0.360365
0.365629,0.0691669,0.229336,0.335868
0.358306,0.0626923,0.207317,0.371685
0.371422,0.0619671,0.201167,0.365443
0.348315,0.0533168,0.211384,0.386984
0.343882,0.0535434,0.203951,0.398623
0.315581,0.058523,0.217235,0.408661
0.314003,0.0548796,0.24415,0.386968
0.330337,0.0583084,0.246848,0.364506
0.352848,0.0545172,0.224926,0.367709
0.358983,0.0556591,0.202764,0.382594
0.379454,0.0497344,0.183422,0.38739
0.349726,0.0474151,0.173429,0.42943
0.353827,0.0528601,0.188345,0.404968
0.345472,0.0559649,0.169353,0.42921
0.335678,0.0547583,0.186972,0.422592
0.326089,0.0507879,0.20596,0.417163
0.349697,0.0548359,0.21303,0.382437
0.367025,0.06262,0.179228,0.391128
0.362319,0.0568585,0.171001,0.409822
0.360338,0.0527487,0.154707,0.432207
0.357897,0.0577719,0.15884,0.425492
0.348217,0.0619962,0.168533,0.421254
0.35435,0.0566486,0.147004,0.441997
0.346626,0.0609152,0.150394,0.442065
0.346718,0.0652426,0.169794,0.418246
0.338189,0.0548269,0.170573,0.436411
0.372268,0.0571674,0.171397,0.399168
0.35333,0.0618671,0.166356,0.418447
0.337317,0.0571114,0.171441,0.434131
0.355464,0.0646555,0.158375,0.421506
0.354315,0.0603696,0.151435,0.43388
0.34874,0.0635402,0.148809,0.438911
0.344818,0.0594657,0.14904,0.446676
0.367801,0.0576345,0.147747,0.426817
0.382347,0.065063,0.156514,0.396076
0.347593,0.0679296,0.159833,0.424645
0.36804,0.0731883,0.155901,0.40287
0.362155,0.0647864,0.148358,0.424701
0.359746,0.0625843,0.143391,0.434278
0.350172,0.060619,0.156132,0.433077
0.354751,0.0626816,0.153268,0.429299
0.338823,0.057232,0.179228,0.424717
0.326336,0.0600278,0.188171,0.425465
0.335767,0.0634964,0.18064,0.420097
0.342523,0.0694141,0.189008,0.399054
0.3443,0.0598911,0.191546,0.404263
0.353838,0.0608948,0.176445,0.408822
0.356058,0.0695522,0.169031,0.405359
0.346249,0.0691884,0.172702,0.41186
0.337753,0.062377,0.175351,0.42452
0.33825,0.0645664,0.155124,0.44206
0.368104,0.0601235,0.163166,0.408607
0.38833,0.0663354,0.145812,0.399523
0.356309,0.0640303,0.133312,0.446349
0.387535,0.0648789,0.125375,0.422211
0.392681,0.0672987,0.12524,0.41478
0.405541,0.0572405,0.117469,0.41975
0.375072,0.0580955,0.1242,0.442632
0.358977,0.0547666,0.134544,0.451713
0.345981,0.0541477,0.129329,0.470543
0.342981,0.0602604,0.132569,0.46419
0.335617,0.0692026,0.126471,0.468709
0.343301,0.0634993,0.131521,0.461679
0.332132,0.0663382,0.135231,0.4663
0.347411,0.0780888,0.131801,0.442699
0.361296,0.0831492,0.130849,0.424706
0.371262,0.0884702,0.126174,0.414094
0.366049,0.0825403,0.131799,0.419612
0.335319,0.0774864,0.13703,0.450164
0.317123,0.0659249,0.147689,0.469264
0.358244,0.0583396,0.14562,0.437797
0.348236,0.0685455,0.150078,0.43314
0.335614,0.0602031,0.17075,0.433433
0.347374,0.0530809,0.181349,0.418196
0.35185,0.0566477,0.167488,0.424014
0.323992,0.0516873,0.167266,0.457055
0.288512,0.0429522,0.166105,0.502432
0.294406,0.0413068,0.173748,0.490538
0.290387,0.0464343,0.17625,0.486929
0.299832,0.0445362,0.188501,0.467131
0.303266,0.0462978,0.186592,0.463844
0.327399,0.0516621,0.199266,0.421673
0.315452,0.050356,0.191398,0.442794
0.302827,0.0434619,0.213706,0.440004
0.310301,0.0407483,0.188101,0.46085
0.319083,0.0436958,0.16151,0.475711
0.328696,0.0393342,0.168346,0.463624
0.302633,0.0450928,0.163935,0.488339
0.306539,0.0546983,0.161409,0.477354
0.314505,0.0535436,0.165149,0.466803
0.287894,0.0492293,0.172849,0.490029
0.306628,0.0565445,0.149487,0.48734
0.326043,0.0573371,0.144352,0.472267
0.310229,0.0562787,0.137508,0.495985
0.301914,0.058045,0.140076,0.499965
0.297221,0.0631765,0.161496,0.478107
0.2683,0.0642948,0.158547,0.508858
0.27233,0.0658307,0.151185,0.510655
0.275089,0.0643527,0.142031,0.518527
0.289493,0.0688717,0.138779,0.502856
0.304414,0.0944653,0.130693,0.470428
0.312788,0.0892899,0.137984,0.459938
0.311232,0.0854339,0.133318,0.470016
0.293874,0.073595,0.135766,0.496765
0.268973,0.0765372,0.143285,0.511205
0.269392,0.0819028,0.126486,0.522219
0.259239,0.0776378,0.143662,0.519461
0.269801,0.0698248,0.137636,0.522738
0.270494,0.0721729,0.151118,0.506216
0.283983,0.07841,0.144473,0.493135
0.305283,0.0766004,0.155878,0.462239
0.309339,0.0762725,0.149896,0.464493
0.335405,0.0725337,0.13437,0.457691
0.305662,0.0653872,0.162395,0.466556
0.297615,0.0692118,0.148923,0.484251
0.313555,0.0596604,0.156515,0.47027
0.313859,0.0665941,0.145907,0.473639
0.313476,0.0606503,0.156702,0.469172
0.322645,0.0523665,0.167601,0.457388
0.303141,0.0480367,0.156487,0.492335
0.327271,0.0469738,0.154829,0.470926
0.29471,0.0432921,0.149862,0.512136
0.287824,0.0397005,0.156049,0.516426
0.294533,0.0413589,0.15741,0.506698
0.291176,0.0457862,0.16938,0.493657
0.237194,0.0377036,0.16739,0.557712
0.270227,0.0472552,0.157658,0.52486
0.276731,0.052874,0.153883,0.516512
0.269727,0.0509593,0.155979,0.523335
0.250433,0.0452929,0.161771,0.542503
0.255274,0.0428974,0.16058,0.541248
0.221142,0.0422478,0.146249,0.590362
0.194457,0.0421428,0.135927,0.627473
0.218551,0.0458064,0.141906,0.593737
0.229359,0.0449104,0.136524,0.589207
0.222473,0.0434506,0.149345,0.584732
0.237936,0.0441781,0.150532,0.567354
0.256646,0.0470489,0.148109,0.548196
0.240103,0.0522248,0.142623,0.565049
0.227732,0.0497961,0.142746,0.579726
0.234535,0.0533342,0.161097,0.551034
0.229458,0.0507579,0.145634,0.57415
0.217167,0.0579726,0.137194,0.587666
0.254347,0.05208,0.163767,0.529806
0.256553,0.0504689,0.158737,0.53424
0.24901,0.0537876,0.150144,0.547058
0.258446,0.0513511,0.14703,0.543173
0.259164,0.0500823,0.155262,0.535492
0.260299,0.0456321,0.15215,0.541919
0.26039,0.0439843,0.17599,0.519635
0.267799,0.0471213,0.150206,0.534873
0.26353,0.0405262,0.16763,0.528315
0.290536,0.0434552,0.171011,0.494998
0.285707,0.0394412,0.168632,0.50622
0.281399,0.0427913,0.158658,0.517152
0.28423,0.0422813,0.153454,0.520034
0.285926,0.0456943,0.158991,0.509389
0.279998,0.0410278,0.155203,0.52377
0.269762,0.0393555,0.160609,0.530274
0.258956,0.0375193,0.165096,0.538428
0.264107,0.0401961,0.177378,0.518319
0.270601,0.0395557,0.174037,0.515806
0.249247,0.0388807,0.171219,0.540654
0.250052,0.0376829,0.172056,0.540209
0.261767,0.0376905,0.167099,0.533444
0.248851,0.0382405,0.167422,0.545487
0.25032,0.0390045,0.179129,0.531546
0.228905,0.0343563,0.165556,0.571183
0.225023,0.0358203,0.171469,0.567688
0.229566,0.0362541,0.178744,0.555436
0.255028,0.0393869,0.176891,0.528695
0.251501,0.0394801,0.174034,0.534985
0.265552,0.041502,0.164308,0.528638
0.278895,0.0430431,0.167961,0.510101
0.289978,0.0478692,0.163099,0.499053
0.27003,0.0417686,0.158234,0.529968
0.271539,0.0425987,0.162821,0.523041
0.254763,0.0435383,0.170782,0.530917
0.28016,0.0442353,0.185616,0.489989
0.275531,0.0482366,0.174952,0.50128
0.264938,0.050703,0.159391,0.524968
0.270033,0.0434515,0.146414,0.540101
0.303328,0.0505703,0.157011,0.489091
0.300268,0.0452135,0.138522,0.515996
0.31303,0.0500354,0.133042,0.503892
0.27531,0.0527119,0.143903,0.528075
0.273974,0.0461849,0.141847,0.537994
0.273064,0.048074,0.133543,0.545319
0.311168,0.0526414,0.120093,0.516097
0.304182,0.0490161,0.113319,0.533483
0.294134,0.0456807,0.126279,0.533907
0.306598,0.0477558,0.140681,0.504965
0.316856,0.0554363,0.107014,0.520693
0.312073,0.0482897,0.12686,0.512778
0.325787,0.0496412,0.122503,0.502069
0.317306,0.0476069,0.127467,0.50762
0.29854,0.0534892,0.122076,0.525894
0.272071,0.0405795,0.129735,0.557615
0.279336,0.0406199,0.134591,0.545453
0.254845,0.0356427,0.13616,0.573351
0.260516,0.0362318,0.140124,0.563128
0.261051,0.035282,0.138367,0.5653
0.256403,0.0399213,0.132225,0.571451
0.261629,0.0381326,0.140712,0.559527
0.280197,0.0367877,0.135467,0.547549
0.286972,0.0401659,0.136371,0.536491
0.272291,0.0358837,0.145151,0.546675
0.266549,0.0364482,0.138222,0.558781
0.302125,0.0372263,0.134655,0.525994
0.281471,0.0335098,0.136866,0.548153
0.304319,0.0393002,0.140032,0.516348
0.281074,0.0350794,0.129055,0.554792
0.285461,0.0351545,0.129605,0.549779
0.271553,0.034145,0.121137,0.573165
0.25386,0.0330747,0.140438,0.572627
0.264479,0.0353688,0.142924,0.557229
0.267313,0.0416937,0.166915,0.524078
0.271927,0.0364402,0.15565,0.535983
0.27426,0.0382193,0.165457,0.522064
0.263196,0.0378219,0.155211,0.543771
0.261277,0.0396362,0.155181,0.543905
0.261346,0.0416663,0.143678,0.55331
0.294451,0.0419386,0.156712,0.506899
0.288453,0.0555139,0.151797,0.504236
0.295734,0.0525644,0.151301,0.5004
0.27621,0.044886,0.161238,0.517666
0.306354,0.0497818,0.155564,0.4883
0.286152,0.0543507,0.164631,0.494866
0.279675,0.0499781,0.172589,0.497758
0.282192,0.0548474,0.156944,0.506016
0.283273,0.050203,0.153585,0.512939
0.280591,0.04764,0.169556,0.502212
0.254399,0.0450011,0.167957,0.532642
0.254089,0.0429478,0.17646,0.526503
0.272808,0.0516961,0.186602,0.488894
0.274273,0.0527646,0.187941,0.485021
0.293366,0.0611494,0.194861,0.450623
0.292919,0.0639576,0.183916,0.459208
0.301227,0.0582436,0.167025,0.473504
0.287813,0.0564616,0.187839,0.467886
0.261694,0.0536989,0.208324,0.476283
0.238916,0.0411598,0.226733,0.493191
0.251229,0.0454177,0.206765,0.496588
0.237514,0.0426946,0.224327,0.495465
0.255646,0.0421389,0.208584,0.493631
0.256969,0.0456399,0.205599,0.491793
0.301243,0.0571926,0.1728,0.468764
0.28372,0.0464807,0.202766,0.467033
0.270453,0.0553853,0.193772,0.480389
0.254332,0.0451036,0.205612,0.494953
0.258792,0.0464645,0.197722,0.497022
0.225405,0.0371634,0.202012,0.53542
0.233584,0.0464236,0.173821,0.546171
0.227046,0.0433972,0.165029,0.564528
0.239213,0.0454255,0.168773,0.546588
0.27308,0.0498557,0.178075,0.498989
0.255327,0.0458316,0.198148,0.500693
0.266498,0.0526826,0.193043,0.487776
0.266862,0.0535654,0.181489,0.498084
0.266293,0.0517223,0.184581,0.497405
0.259369,0.0498611,0.179793,0.510977
0.262048,0.0564333,0.185656,0.495863
0.279342,0.0612102,0.190844,0.468604
0.270085,0.0602745,0.196407,0.473234
0.265099,0.0610205,0.190443,0.483438
0.266749,0.0629678,0.190558,0.479725
0.252725,0.0622193,0.191821,0.493235
0.24202,0.0636641,0.181322,0.512994
0.227979,0.0552663,0.189172,0.527583
0.228852,0.0558628,0.183883,0.531401
0.226121,0.0585145,0.19735,0.518015
0.220649,0.0571272,0.197242,0.524983
0.221817,0.0516074,0.215897,0.510679
0.235854,0.0565261,0.201794,0.505826
0.253862,0.0564256,0.218512,0.4712
0.246441,0.0576557,0.203358,0.492546
0.254895,0.0596326,0.199225,0.486248
0.268692,0.0644472,0.224359,0.442502
0.27921,0.0666281,0.234679,0.419483
0.274981,0.0677294,0.22746,0.42983
0.293221,0.0710679,0.240061,0.39565
0.292943,0.0663333,0.208704,0.432019
0.288791,0.0656518,0.206707,0.43885
0.297627,0.0711038,0.216246,0.415023
0.300243,0.0678654,0.218076,0.413816
0.301711,0.0772443,0.231703,0.389342
0.296973,0.0657231,0.245746,0.391559
0.297063,0.0684683,0.240882,0.393587
0.292462,0.0692789,0.242272,0.395987
0.27287,0.0545138,0.230018,0.442598
0.282614,0.0628097,0.209277,0.445299
0.30068,0.0655743,0.232044,0.401702
0.28265,0.0641337,0.227268,0.425949
0.298923,0.0640396,0.220657,0.416381
0.304604,0.065512,0.206245,0.423639
0.295954,0.0664546,0.177991,0.459601
0.292723,0.0711947,0.182856,0.453226
0.302148,0.0739127,0.20172,0.42222
0.295146,0.0592231,0.180351,0.46528
0.274226,0.0603873,0.195534,0.469853
0.290271,0.059867,0.168342,0.481521
0.332772,0.0624965,0.16946,0.435271
0.305975,0.0602843,0.18177,0.451971
0.30108,0.0589534,0.204437,0.43553
0.308905,0.0703176,0.193526,0.427252
0.288427,0.0659668,0.209205,0.436401
0.258616,0.0577525,0.18166,0.501972
0.261931,0.0608131,0.199776,0.47748
0.27366,0.0645361,0.209587,0.452217
0.272649,0.0632416,0.195126,0.468984
0.288411,0.0755762,0.226149,0.409864
0.292416,0.0658632,0.206274,0.435447
0.289947,0.0684807,0.234535,0.407037
0.298324,0.0727488,0.22418,0.404747
0.300097,0.0639418,0.20905,0.426911
0.300714,0.0636127,0.212688,0.422986
0.296579,0.0673871,0.225221,0.410813
0.322273,0.0818929,0.215718,0.380115
0.310668,0.0733982,0.222825,0.393109
0.308395,0.0734617,0.233103,0.38504
0.312366,0.0691853,0.228714,0.389735
0.302426,0.0688911,0.228421,0.400261
0.312496,0.0671226,0.230268,0.390113
0.315558,0.076736,0.222025,0.385681
0.315628,0.0794245,0.232166,0.372782
0.323784,0.0740894,0.241203,0.360924
0.310938,0.0694538,0.251037,0.368571
0.30299,0.0631546,0.244119,0.389737
0.319017,0.0759432,0.246312,0.358728
0.318221,0.070471,0.248893,0.362415
0.329648,0.081622,0.263132,0.325597
0.333043,0.0863344,0.251361,0.329261
0.351206,0.0863427,0.245489,0.316963
0.315993,0.0799656,0.264544,0.339498
0.306904,0.0739175,0.261387,0.357792
0.298323,0.0809599,0.253456,0.367261
0.313816,0.0824797,0.238636,0.365069
0.305151,0.0922379,0.257445,0.345165
0.317942,0.0875312,0.244799,0.349728
0.323229,0.086895,0.227143,0.362733
0.307266,0.0841094,0.226449,0.382175
0.297345,0.075009,0.246172,0.381474
0.312423,0.0852196,0.234186,0.368172
0.314063,0.0873927,0.2308,0.367745
0.300896,0.0799568,0.214457,0.40469
0.319551,0.0860314,0.210341,0.384077
0.318027,0.0885553,0.201083,0.392335
0.315995,0.0841237,0.206196,0.393685
0.326102,0.0921226,0.211202,0.370573
0.322822,0.0914054,0.217908,0.367864
0.33809,0.0960694,0.214201,0.351639
0.329048,0.0878471,0.207451,0.375654
0.333105,0.0768517,0.21133,0.378713
0.299914,0.0768221,0.205665,0.417599
0.299119,0.0862766,0.234871,0.379734
