EUR=X,JPY=X,CHFUSD,GLD
0.368261,0.0584245,0.0962707,0.477044
0.35966,0.0473806,0.100699,0.492261
0.352464,0.0476753,0.109321,0.490539
0.33453,0.0472124,0.10364,0.514618
0.341293,0.0457685,0.111699,0.501239
0.344607,0.0399494,0.113042,0.502401
0.327026,0.0364053,0.109184,0.527385
0.335237,0.0400284,0.118534,0.5062
0.321168,0.0424198,0.128075,0.508337
0.334507,0.0455157,0.136574,0.483403
0.316382,0.041865,0.142887,0.498866
0.331743,0.038234,0.137737,0.492286
0.3071,0.0364364,0.13251,0.523953
0.30758,0.0341657,0.129815,0.528439
0.285915,0.0345152,0.128527,0.551043
0.296912,0.0315669,0.137348,0.534173
0.288686,0.0325607,0.128505,0.550248
0.315488,0.0366516,0.135479,0.512382
0.327583,0.0385679,0.130196,0.503653
0.331956,0.0348507,0.122383,0.510811
0.323279,0.0364255,0.1194,0.520895
0.322646,0.0353477,0.125033,0.516973
0.307962,0.0391315,0.115487,0.53742
0.307454,0.0384739,0.117975,0.536098
0.312399,0.0457853,0.109966,0.53185
0.286067,0.0440465,0.110036,0.55985
0.259963,0.0460356,0.0976112,0.59639
0.286934,0.0446752,0.0894085,0.578982
0.299189,0.0489757,0.0946095,0.557225
0.311727,0.0503295,0.0881409,0.549802
0.320959,0.0600367,0.0953332,0.523671
0.331405,0.0556528,0.0970672,0.515875
0.315327,0.0707235,0.0942465,0.519703
0.308643,0.0808089,0.0957049,0.514843
0.316399,0.084062,0.103387,0.496152
0.303595,0.0859499,0.103001,0.507454
0.284062,0.0823516,0.102031,0.531556
0.296683,0.0818188,0.0957611,0.525737
0.298436,0.0783193,0.0898678,0.533377
0.295004,0.0807131,0.102235,0.522048
0.280035,0.0778089,0.102662,0.539495
0.292303,0.0803501,0.0994836,0.527863
0.286797,0.0664182,0.105196,0.541589
0.290932,0.0641647,0.105051,0.539853
0.292125,0.0561891,0.104259,0.547427
0.295153,0.0556959,0.099985,0.549166
0.26461,0.0518439,0.109544,0.574001
0.253496,0.045347,0.111331,0.589826
0.251037,0.0427198,0.111136,0.595108
0.245882,0.0396005,0.105133,0.609385
0.235712,0.0379309,0.0963954,0.629961
0.255064,0.0347128,0.0909108,0.619312
0.268679,0.0366126,0.10002,0.594688
0.252638,0.0355369,0.0986467,0.613179
0.270126,0.0388036,0.104857,0.586213
0.25151,0.0325698,0.108719,0.607201
0.234858,0.0327934,0.128799,0.60355
0.222212,0.0289616,0.12047,0.628356
0.199201,0.0253636,0.117127,0.658308
0.207669,0.0271914,0.11606,0.64908
0.203449,0.0292624,0.114451,0.652838
0.215518,0.026601,0.110595,0.647286
0.233996,0.0331768,0.115476,0.617351
0.233675,0.036078,0.118643,0.611603
0.245237,0.0384468,0.127128,0.589188
0.230966,0.0383465,0.126759,0.603929
0.239492,0.0418986,0.116364,0.602245
0.242677,0.0381774,0.111383,0.607762
0.235449,0.040199,0.114515,0.609837
0.229567,0.0351159,0.120282,0.615035
0.243458,0.0337218,0.134539,0.588281
0.232597,0.033523,0.135788,0.598092
0.236235,0.0385497,0.143113,0.582102
0.237803,0.0428348,0.150116,0.569246
0.240807,0.0395415,0.126298,0.593354
0.250433,0.0364863,0.125736,0.587344
0.25029,0.0372468,0.133396,0.579067
0.23233,0.0309288,0.143693,0.593048
0.230808,0.0339703,0.160336,0.574886
0.256231,0.0383249,0.142522,0.562923
0.240792,0.0381012,0.137884,0.583223
0.241109,0.0390757,0.130103,0.589712
0.237352,0.0348383,0.122445,0.605365
0.251355,0.0352851,0.12607,0.58729
0.256856,0.0359522,0.133174,0.574018
0.276128,0.0369714,0.138623,0.548278
0.274121,0.0363455,0.140645,0.548888
0.273612,0.0345439,0.149245,0.542599
0.295284,0.0359111,0.152984,0.515821
0.286473,0.034847,0.148231,0.530449
0.285444,0.0383073,0.143659,0.53259
0.262395,0.0317793,0.139821,0.566005
0.269344,0.0314259,0.131953,0.567277
0.256803,0.0310156,0.130151,0.582031
0.253387,0.029934,0.128671,0.588008
0.255494,0.0302344,0.135292,0.578979
0.258019,0.0311866,0.135307,0.575487
0.247553,0.0334081,0.123585,0.595454
0.2575,0.0337026,0.118677,0.590121
0.27116,0.0294213,0.104048,0.595371
0.267962,0.0274717,0.110884,0.593682
0.244805,0.0281113,0.102197,0.624887
0.241022,0.0276837,0.10558,0.625714
0.249088,0.0287791,0.103853,0.618279
0.261786,0.0292147,0.0985803,0.610419
0.270023,0.0319292,0.0998088,0.598239
0.295123,0.0304915,0.094164,0.580221
0.277034,0.0273001,0.0897947,0.605872
0.301936,0.0317872,0.104929,0.561348
0.301161,0.035296,0.0933194,0.570223
0.291838,0.0364539,0.0962151,0.575493
0.296791,0.042671,0.0997858,0.560752
0.311945,0.0452494,0.10053,0.542276
0.295238,0.0407171,0.0942973,0.569747
0.284696,0.0370408,0.0869725,0.59129
0.309398,0.0402826,0.090402,0.559917
0.319018,0.0444461,0.098081,0.538455
0.323429,0.0416577,0.0990275,0.535886
0.317002,0.0395162,0.0971795,0.546303
0.304764,0.0386991,0.097247,0.559289
0.315858,0.0399245,0.097313,0.546904
0.306416,0.0363519,0.0976191,0.559613
0.29302,0.0331198,0.0958068,0.578054
0.267614,0.0328876,0.0940392,0.60546
0.258263,0.0323742,0.0934283,0.615935
0.261442,0.0341515,0.102332,0.602075
0.273713,0.0331282,0.102573,0.590586
0.260917,0.031546,0.110736,0.596802
0.262565,0.0309064,0.0978311,0.608697
0.252035,0.0296186,0.0893581,0.628988
0.241001,0.0283252,0.0892973,0.641377
0.228226,0.0262109,0.0938573,0.651706
0.222762,0.0251353,0.0958771,0.656225
0.210703,0.0284804,0.0976832,0.663134
0.212985,0.0264194,0.101834,0.658762
0.22739,0.028316,0.0842988,0.659995
0.225694,0.0251829,0.0878781,0.661245
0.24808,0.0280752,0.0878103,0.636034
0.256418,0.0326426,0.0934072,0.617532
0.254061,0.0346824,0.0970774,0.614179
0.248958,0.0336908,0.102807,0.614544
0.25945,0.040821,0.113805,0.585924
0.26868,0.0403689,0.117767,0.573184
0.281623,0.0454324,0.120334,0.552611
0.270173,0.0425693,0.125958,0.5613
0.262524,0.0453681,0.128948,0.56316
0.259059,0.0431761,0.139081,0.558684
0.27927,0.0507335,0.132112,0.537885
0.289816,0.0552126,0.132341,0.52263
0.269258,0.045642,0.140605,0.544494
0.288341,0.0532576,0.137393,0.521008
0.298943,0.0593019,0.135865,0.50589
0.271764,0.0457244,0.13583,0.546682
0.279153,0.0492323,0.130897,0.540718
0.288311,0.0504837,0.126468,0.534738
0.290567,0.0494823,0.126236,0.533715
0.258036,0.0406831,0.140717,0.560564
0.262938,0.0448135,0.139372,0.552876
0.298687,0.0466011,0.138539,0.516173
0.284208,0.0480868,0.139832,0.527873
0.292194,0.0469862,0.140283,0.520537
0.305756,0.0428612,0.125605,0.525778
0.276965,0.037338,0.13104,0.554658
0.266323,0.0376614,0.153694,0.542321
0.270845,0.0390108,0.153683,0.536461
0.264578,0.037062,0.157557,0.540804
0.251092,0.0332537,0.168886,0.546769
0.234279,0.0302132,0.155773,0.579735
0.228725,0.0284989,0.158539,0.584237
0.209077,0.0296989,0.147299,0.613925
0.202482,0.0274133,0.141554,0.62855
0.197746,0.0238489,0.145179,0.633226
0.216062,0.0284156,0.154761,0.600761
0.198673,0.022975,0.149608,0.628744
0.195859,0.0230868,0.156823,0.624232
0.196078,0.0239467,0.1456,0.634375
0.209703,0.0319019,0.149151,0.609244
0.199158,0.0302037,0.14206,0.628578
0.204241,0.0319587,0.150982,0.612818
0.189844,0.0281694,0.163597,0.61839
0.201637,0.0309011,0.168889,0.598573
0.213644,0.0317655,0.15892,0.595671
0.225624,0.0320625,0.16887,0.573443
0.211707,0.0332927,0.161127,0.593873
0.228981,0.0386647,0.149681,0.582674
0.208761,0.038209,0.137505,0.615525
0.18809,0.0309116,0.13033,0.650668
0.201565,0.0363763,0.139282,0.622777
0.221073,0.0405106,0.142115,0.5963
0.205783,0.0384457,0.135891,0.61988
0.227969,0.0412848,0.156602,0.574144
0.238192,0.0361691,0.151373,0.574266
0.249619,0.0382649,0.150219,0.561897
0.230327,0.0375121,0.141533,0.590628
0.244456,0.0385601,0.169851,0.547133
0.242467,0.042158,0.161139,0.554236
0.236134,0.0370174,0.168119,0.558729
0.244329,0.031284,0.15504,0.569347
0.258217,0.0325111,0.181683,0.527588
0.265204,0.0373462,0.176452,0.520998
0.262888,0.0326594,0.169393,0.53506
0.269351,0.0380558,0.15969,0.532904
0.262832,0.0355882,0.185807,0.515773
0.268269,0.0375093,0.17351,0.520712
0.276966,0.0390664,0.188686,0.495282
0.272624,0.037049,0.174394,0.515934
0.249093,0.0332158,0.182375,0.535316
0.240823,0.0348205,0.18774,0.536616
0.270147,0.0384689,0.193681,0.497703
0.263568,0.0327564,0.20145,0.502226
0.259431,0.0346896,0.196059,0.50982
0.262519,0.0363493,0.186964,0.514168
0.26619,0.0378517,0.194819,0.501139
0.237528,0.0367996,0.201566,0.524107
0.261128,0.0421425,0.199689,0.497041
0.265628,0.0491156,0.209165,0.476091
0.26757,0.048418,0.214153,0.469859
0.249042,0.0473505,0.203226,0.500381
0.271577,0.0526255,0.187984,0.487814
0.267622,0.049745,0.200056,0.482577
0.257207,0.0500442,0.190489,0.50226
0.264302,0.0504621,0.193591,0.491646
0.258572,0.0524354,0.183857,0.505135
0.238969,0.0508262,0.179814,0.530391
0.253141,0.0603599,0.192792,0.493707
0.258979,0.0649779,0.181295,0.494748
0.268468,0.0669066,0.178131,0.486494
0.26354,0.0667413,0.192601,0.477118
0.285841,0.0659369,0.184876,0.463346
0.285067,0.0634008,0.194489,0.457043
0.27296,0.0546823,0.213728,0.45863
0.274539,0.058091,0.202556,0.464814
0.290351,0.0683386,0.21397,0.42734
0.277545,0.0638676,0.211944,0.446643
0.285884,0.0668403,0.207294,0.439982
0.302193,0.0651584,0.201992,0.430657
0.302329,0.0699165,0.199114,0.42864
0.302726,0.0660893,0.198794,0.432391
0.327011,0.0659514,0.191925,0.415112
0.350106,0.0760476,0.209958,0.363889
0.347086,0.0700432,0.218892,0.363979
0.311273,0.0624792,0.21456,0.411688
0.330646,0.0722801,0.225336,0.371738
0.336697,0.0766003,0.225174,0.361528
0.33619,0.0751468,0.231794,0.356869
0.348296,0.0849951,0.230832,0.335878
0.347873,0.08001,0.229827,0.342289
0.342573,0.0751764,0.23816,0.34409
0.351049,0.0721438,0.229988,0.346819
0.348154,0.0704967,0.226109,0.35524
0.351124,0.0781632,0.220055,0.350658
0.351826,0.0791419,0.219207,0.349825
0.351634,0.0838701,0.212016,0.352481
0.307987,0.0739261,0.223304,0.394783
0.280173,0.0633312,0.250107,0.406389
0.274292,0.0647699,0.225435,0.435503
0.277127,0.066278,0.234115,0.422481
0.27342,0.0663778,0.217148,0.443054
0.282515,0.0631266,0.210892,0.443467
0.29703,0.0647379,0.195966,0.442266
0.279895,0.0566176,0.198696,0.464792
0.27435,0.0562672,0.195546,0.473837
0.283233,0.0584142,0.211196,0.447157
0.265959,0.0608269,0.229818,0.443395
0.271519,0.0592461,0.243409,0.425826
0.281548,0.0615023,0.244067,0.412883
0.287872,0.0624351,0.222738,0.426954
0.298031,0.0646937,0.237302,0.399973
0.297475,0.0642361,0.240916,0.397373
0.310486,0.0701861,0.229888,0.38944
0.318052,0.0685007,0.245539,0.367908
0.296083,0.0565902,0.256873,0.390454
0.3132,0.0643046,0.255734,0.366761
0.306504,0.0631515,0.242265,0.38808
0.326271,0.0661848,0.217144,0.3904
0.330797,0.0700612,0.215976,0.383166
0.318325,0.0640109,0.214724,0.40294
0.327783,0.0578355,0.202029,0.412353
0.321814,0.0555077,0.199477,0.423201
0.320851,0.0612718,0.218205,0.399673
0.305855,0.0591503,0.222436,0.412558
0.317533,0.0610182,0.220762,0.400687
0.321617,0.0609131,0.226188,0.391282
0.324648,0.0601111,0.227705,0.387537
0.326707,0.0592681,0.218033,0.395992
0.302218,0.0569316,0.223191,0.41766
0.29862,0.0543801,0.211417,0.435584
0.317208,0.0475855,0.196358,0.438849
0.317239,0.0550119,0.197221,0.430527
0.339124,0.0537257,0.181585,0.425564
0.329287,0.0495273,0.190159,0.431027
0.345986,0.0516881,0.172839,0.429487
0.338082,0.0568602,0.198708,0.406349
0.327452,0.0565235,0.196263,0.419761
0.314936,0.0496768,0.187811,0.447576
0.327192,0.054639,0.195251,0.422918
0.324969,0.0539466,0.181115,0.43997
0.31499,0.0602195,0.17546,0.44933
0.325264,0.0539102,0.169103,0.451723
0.328726,0.0546186,0.152118,0.464537
0.363148,0.063319,0.143286,0.430247
0.346868,0.0518916,0.140633,0.460607
0.360328,0.0483574,0.141191,0.450123
0.346831,0.0478008,0.145308,0.46006
0.366934,0.0563296,0.151894,0.424843
0.346451,0.0608824,0.156324,0.436343
0.332898,0.0555456,0.150186,0.461371
0.322485,0.0600612,0.142336,0.475118
0.325378,0.0618787,0.149048,0.463695
0.327314,0.0586728,0.143661,0.470353
0.32358,0.0601442,0.155807,0.46047
0.347628,0.0630118,0.144645,0.444715
0.374358,0.0656317,0.148258,0.411752
0.392584,0.0660629,0.138989,0.402365
0.385891,0.0655845,0.141925,0.406599
0.38576,0.0554187,0.138678,0.420143
0.36355,0.0559672,0.144922,0.43556
0.34429,0.0564977,0.157894,0.441318
0.312023,0.0580702,0.167735,0.462172
0.329724,0.0649375,0.17087,0.434469
0.322641,0.0650373,0.169403,0.442919
0.334334,0.0586553,0.152368,0.454643
0.359348,0.0684436,0.147824,0.424385
0.358587,0.0704934,0.152333,0.418587
0.367499,0.0692929,0.148701,0.414507
0.393593,0.066629,0.149516,0.390262
0.348276,0.0608467,0.140232,0.450646
0.357566,0.0691989,0.143315,0.429921
0.372627,0.0710862,0.140952,0.415334
0.344986,0.0611142,0.139111,0.454789
0.371307,0.0695574,0.131954,0.427181
0.360297,0.072208,0.146274,0.421221
0.361641,0.0667998,0.139416,0.432143
0.351935,0.0569072,0.141653,0.449506
0.336963,0.058993,0.138203,0.465841
0.340123,0.055753,0.141645,0.46248
0.35639,0.0634724,0.157061,0.423077
0.338626,0.0639344,0.15358,0.443859
0.358819,0.0603771,0.135156,0.445648
0.344788,0.0616192,0.135636,0.457957
0.335206,0.0608738,0.134453,0.469467
0.347203,0.0686054,0.12868,0.455512
0.349098,0.0625225,0.133847,0.454533
0.349291,0.0662858,0.137823,0.4466
0.35175,0.0646821,0.125055,0.458513
0.352043,0.0605031,0.11942,0.468034
0.347379,0.056708,0.136662,0.459251
0.331334,0.0497743,0.136632,0.48226
0.302067,0.056203,0.141444,0.500286
0.299124,0.0571419,0.153394,0.49034
0.292147,0.0543543,0.130332,0.523166
0.285312,0.0533414,0.130552,0.530794
0.292648,0.0491957,0.143338,0.514817
0.282301,0.0473854,0.140499,0.529814
0.284381,0.0507182,0.136526,0.528374
0.277322,0.0525376,0.132539,0.537602
0.275939,0.0488046,0.13692,0.538336
0.264186,0.0442693,0.155515,0.53603
0.241567,0.0441331,0.122019,0.592281
0.238174,0.038136,0.128826,0.594864
0.218656,0.0349781,0.121043,0.625323
0.229263,0.0413084,0.125801,0.603627
0.240931,0.0409689,0.134004,0.584096
0.236999,0.0387021,0.138032,0.586267
0.237996,0.0395891,0.145724,0.57669
0.250737,0.0396514,0.149174,0.560438
0.259398,0.0451039,0.140533,0.554965
0.261518,0.0470537,0.150319,0.541109
0.264952,0.04924,0.158076,0.527731
0.246853,0.0460317,0.149284,0.557832
0.241354,0.0441475,0.157042,0.557457
0.211108,0.043139,0.166672,0.579081
0.216266,0.0484035,0.166044,0.569287
0.214627,0.0461307,0.16985,0.569392
0.229095,0.0571769,0.17685,0.536879
0.271357,0.0644471,0.170264,0.493931
0.283072,0.0659518,0.168614,0.482362
0.287201,0.0658595,0.154426,0.492514
0.306363,0.0635994,0.172801,0.457237
0.30938,0.0600498,0.161803,0.468768
0.308953,0.0625524,0.165339,0.463156
0.270524,0.0537543,0.177614,0.498108
0.257259,0.0554395,0.161356,0.525946
0.261888,0.0513553,0.163596,0.523161
0.249776,0.049016,0.168903,0.532305
0.245078,0.0488627,0.161346,0.544714
0.262709,0.045049,0.155005,0.537238
0.254504,0.0498699,0.148042,0.547584
0.27216,0.0601078,0.144356,0.523376
0.266573,0.0611977,0.147969,0.52426
0.261613,0.0563874,0.147374,0.534626
0.258996,0.0669282,0.165943,0.508132
0.257439,0.0657838,0.1699,0.506877
0.269989,0.0618958,0.168038,0.500077
0.27998,0.065522,0.171407,0.483092
0.277983,0.055173,0.15484,0.512003
0.304591,0.057848,0.154751,0.482811
0.313784,0.0545574,0.1596,0.472059
0.289944,0.0550702,0.152236,0.502749
0.289405,0.0612996,0.141416,0.50788
0.288326,0.0547163,0.143193,0.513765
0.260612,0.0605636,0.157846,0.520978
0.249782,0.0584466,0.160129,0.531643
0.256865,0.0536087,0.162168,0.527358
0.259419,0.0500029,0.163262,0.527316
0.267601,0.0520902,0.155649,0.524659
0.279845,0.0523631,0.154148,0.513644
0.281582,0.0491019,0.158001,0.511315
0.270844,0.0517419,0.131965,0.545449
0.262251,0.0454262,0.163573,0.52875
0.264037,0.0486774,0.159556,0.52773
0.264695,0.054789,0.165195,0.515322
0.24903,0.0529246,0.149871,0.548174
0.299808,0.0582653,0.160328,0.481599
0.301773,0.0570881,0.157972,0.483168
0.307147,0.054165,0.15336,0.485327
0.320304,0.053874,0.152031,0.473791
0.314276,0.0561809,0.159491,0.470052
0.306589,0.0564916,0.177089,0.45983
0.316101,0.0638912,0.187697,0.432311
0.324856,0.0621416,0.193855,0.419147
0.319115,0.0529189,0.18787,0.440096
0.291215,0.0518928,0.192458,0.464433
0.318946,0.0528146,0.175973,0.452266
0.298926,0.054473,0.16585,0.480752
0.274921,0.0500996,0.174074,0.500906
0.272314,0.053637,0.194584,0.479465
0.286112,0.0554672,0.174448,0.483972
0.266159,0.0446307,0.179788,0.509422
0.256843,0.0422513,0.166233,0.534673
0.27598,0.0438127,0.164245,0.515963
0.263765,0.0408972,0.163754,0.531583
0.286883,0.0467999,0.161535,0.504782
0.293828,0.044745,0.15607,0.505358
0.297151,0.0439248,0.143557,0.515367
0.263973,0.0389293,0.146545,0.550552
0.256357,0.0406586,0.150414,0.552571
0.236221,0.043001,0.140062,0.580715
0.241443,0.0437901,0.127887,0.58688
0.237363,0.0483617,0.13771,0.576565
0.265926,0.0478173,0.12945,0.556806
0.283336,0.0504412,0.155083,0.51114
0.28381,0.0540806,0.151896,0.510213
0.283292,0.0627656,0.157833,0.496109
0.302647,0.0645078,0.161115,0.47173
0.29281,0.0681183,0.169614,0.469458
0.288363,0.0573423,0.168705,0.48559
0.272658,0.0563256,0.165366,0.50565
0.275473,0.0573082,0.157368,0.509851
0.290181,0.0643805,0.148699,0.49674
0.301791,0.0743816,0.137348,0.486479
0.322887,0.0743581,0.146948,0.455807
0.324553,0.0695334,0.14043,0.465483
0.303377,0.0618168,0.130383,0.504423
0.296527,0.0621912,0.146358,0.494924
0.269471,0.0574073,0.164747,0.508374
0.263467,0.056624,0.165771,0.514138
0.247888,0.04974,0.179071,0.523301
0.255845,0.0444736,0.172279,0.527403
0.271298,0.0422108,0.168866,0.517625
0.281699,0.0418498,0.167443,0.509008
0.307044,0.0495589,0.163558,0.47984
0.327743,0.0583043,0.160558,0.453395
0.30193,0.0584432,0.173214,0.466413
0.277724,0.0575976,0.180194,0.484485
0.275619,0.0560335,0.18262,0.485727
0.278802,0.0550614,0.17466,0.491476
0.295423,0.0622098,0.168599,0.473768
0.323765,0.0701035,0.155216,0.450915
0.331473,0.0688034,0.1508,0.448923
0.314195,0.0624091,0.160456,0.46294
0.297088,0.0626819,0.160325,0.479904
0.294199,0.0558057,0.164729,0.485266
0.254555,0.0558882,0.170171,0.519385
0.229698,0.054821,0.18583,0.52965
0.249683,0.0588953,0.181574,0.509848
0.254926,0.0492386,0.176843,0.518993
0.26616,0.0478669,0.171082,0.514891
0.298267,0.0545683,0.170928,0.476237
0.329489,0.0605356,0.161447,0.448528
0.324424,0.070058,0.173119,0.4324
0.305601,0.068969,0.160696,0.464734
0.313927,0.0571468,0.153632,0.475295
0.275729,0.0561883,0.161265,0.506818
0.284725,0.0546432,0.166912,0.49372
0.290662,0.0565453,0.158766,0.494027
0.317681,0.0557748,0.160759,0.465785
0.298651,0.0548226,0.176126,0.470401
0.33115,0.0511124,0.173392,0.444345
0.337682,0.0586617,0.16229,0.441366
0.343539,0.0600232,0.171487,0.42495
0.321679,0.0599122,0.165116,0.453293
0.325952,0.0594786,0.143038,0.471531
0.28817,0.0580933,0.16051,0.493227
0.283032,0.0591004,0.171841,0.486027
0.297486,0.0552184,0.172029,0.475267
0.341334,0.059934,0.183106,0.415626
0.322072,0.0540637,0.154639,0.469225
0.339193,0.0561763,0.161983,0.442649
0.348001,0.057752,0.164261,0.429986
0.355628,0.0599765,0.151683,0.432712
0.325551,0.0494174,0.152186,0.472846
0.325374,0.0457437,0.154859,0.474023
0.300239,0.0461347,0.16091,0.492717
0.293578,0.0465183,0.145255,0.514649
0.313057,0.044274,0.158088,0.484581
0.339226,0.0481751,0.152472,0.460128
0.312387,0.0489411,0.157423,0.481248
0.317164,0.0444387,0.162741,0.475657
0.31515,0.043302,0.175768,0.46578
0.304494,0.0430671,0.160316,0.492122
0.31646,0.0438487,0.179272,0.460419
0.314282,0.044193,0.184925,0.456601
0.288089,0.0497953,0.187133,0.474983
0.307752,0.0498613,0.178703,0.463683
0.317024,0.047693,0.172748,0.462535
0.333503,0.0491548,0.164781,0.452561
0.322457,0.0492312,0.15586,0.472452
0.321226,0.055808,0.155366,0.4676
0.330616,0.0537973,0.152912,0.462674
0.289954,0.0466795,0.162026,0.501341
0.27817,0.0454988,0.158336,0.517996
0.294363,0.0449518,0.15828,0.502405
0.292384,0.045415,0.170234,0.491967
0.302039,0.0508087,0.170287,0.476865
0.331716,0.0553433,0.162768,0.450172
0.30776,0.0522661,0.163634,0.47634
0.297909,0.0514083,0.160633,0.490049
0.298849,0.0639232,0.166167,0.471062
0.322201,0.0622645,0.157436,0.458099
0.338408,0.0647304,0.16476,0.432102
0.331269,0.0575875,0.161945,0.449198
0.336333,0.0656707,0.155115,0.442881
0.339671,0.067306,0.183026,0.409997
0.325246,0.060958,0.174858,0.438938
0.320599,0.0656712,0.174872,0.438858
0.308827,0.0645646,0.175053,0.451556
0.308781,0.0689685,0.175247,0.447004
0.297424,0.0631748,0.177701,0.461701
0.292492,0.057207,0.174654,0.475648
0.304119,0.0677568,0.179916,0.448208
0.304197,0.0756681,0.180695,0.43944
0.288356,0.0668099,0.173706,0.471128
0.303734,0.0709626,0.18917,0.436134
0.303969,0.0668927,0.179471,0.449668
0.30347,0.0700127,0.179331,0.447186
0.317466,0.0690414,0.171088,0.442405
0.308406,0.0634661,0.173872,0.454255
0.283553,0.0652699,0.180939,0.470238
0.286485,0.0633394,0.175653,0.474522
0.268077,0.0558759,0.18175,0.494297
0.275675,0.0606746,0.184984,0.478667
0.258999,0.0503588,0.175627,0.515015
0.268423,0.0529564,0.170267,0.508354
0.275802,0.057075,0.174767,0.492356
0.268206,0.0557191,0.178232,0.497843
0.273412,0.0539267,0.176179,0.496482
0.254564,0.0494978,0.179486,0.516452
0.235544,0.0471111,0.18804,0.529305
0.231608,0.0494927,0.184936,0.533964
0.242577,0.0585501,0.174376,0.524497
0.247682,0.0591121,0.179906,0.5133
0.250407,0.0576723,0.176089,0.515831
0.272883,0.0614657,0.189252,0.476399
0.273275,0.0650491,0.171567,0.490109
0.245729,0.0600692,0.196602,0.4976
0.261402,0.0646113,0.202713,0.471274
0.25518,0.0613747,0.194885,0.48856
0.259117,0.0683309,0.222345,0.450206
0.260218,0.0612767,0.204108,0.474397
0.249886,0.0589001,0.20883,0.482384
0.247822,0.0550836,0.208567,0.488527
0.245965,0.0545522,0.193096,0.506387
0.288049,0.064513,0.204251,0.443188
0.276234,0.05849,0.203993,0.461283
0.26614,0.054554,0.203907,0.475399
0.261916,0.0597545,0.210249,0.468081
0.249712,0.0522085,0.207906,0.490173
0.259668,0.0565861,0.20813,0.475616
0.250791,0.0555372,0.222386,0.471286
0.272167,0.0522418,0.228918,0.446673
0.248253,0.0539829,0.238744,0.45902
0.266482,0.05817,0.21101,0.464338
0.258593,0.0557357,0.218288,0.467383
0.266551,0.0593048,0.210613,0.463531
0.273871,0.0667729,0.230197,0.429159
0.287634,0.0593862,0.227765,0.425214
0.296364,0.0552799,0.216884,0.431472
0.290521,0.0599663,0.24128,0.408233
0.295384,0.0637823,0.229767,0.411067
0.313588,0.0753748,0.203213,0.407824
0.295324,0.0717238,0.205071,0.427881
0.278861,0.0678751,0.197115,0.456149
0.309591,0.0779158,0.190743,0.42175
0.297473,0.0739603,0.199139,0.429428
0.279825,0.0748986,0.204627,0.44065
0.281005,0.0679898,0.227796,0.423209
0.286213,0.0693142,0.199016,0.445457
0.29315,0.0764055,0.20868,0.421765
0.295937,0.0844275,0.229911,0.389724
0.29126,0.0928905,0.218229,0.397621
0.30184,0.0956419,0.232182,0.370336
0.29254,0.0907451,0.223606,0.393108
0.295376,0.0959948,0.228005,0.380625
0.283328,0.0895802,0.234854,0.392238
0.284818,0.0787101,0.219175,0.417297
0.290154,0.0872573,0.229269,0.39332
0.280847,0.0843075,0.230661,0.404184
0.290124,0.0818888,0.241851,0.386136
0.286215,0.0788747,0.233627,0.401283
0.297,0.0733868,0.238031,0.391581
0.296746,0.0853497,0.262449,0.355456
0.294748,0.0910593,0.256646,0.357546
0.310781,0.0920495,0.263652,0.333518
0.301728,0.10245,0.265156,0.330666
0.311334,0.100605,0.263846,0.324215
0.315771,0.106654,0.265751,0.311824
0.317912,0.0972286,0.261771,0.323088
0.328754,0.0978912,0.262327,0.311028
0.323111,0.0936394,0.258809,0.324441
0.325848,0.0925191,0.268307,0.313327
0.333225,0.0903405,0.256832,0.319602
0.331961,0.0940085,0.268337,0.305694
0.330441,0.0981887,0.289907,0.281463
0.334001,0.103855,0.281602,0.280542
0.335873,0.105619,0.270782,0.287726
0.339453,0.103511,0.28329,0.273747
0.343056,0.090002,0.27425,0.292692
0.341671,0.095002,0.285597,0.27773
0.355146,0.0908383,0.278696,0.27532
0.35474,0.0855329,0.269934,0.289793
0.35244,0.0904576,0.265496,0.291606
0.360459,0.0873628,0.254758,0.29742
0.360816,0.09026,0.258165,0.29076
0.351997,0.0880037,0.267828,0.292171
0.35386,0.0851206,0.272906,0.288114
0.343207,0.0872618,0.270122,0.29941
0.335978,0.0839722,0.289875,0.290174
0.348915,0.0849945,0.276718,0.289373
0.350762,0.0917418,0.27987,0.277626
0.365073,0.0948482,0.267838,0.27224
0.365836,0.0919578,0.262908,0.279298
0.356848,0.0890024,0.255622,0.298528
0.361363,0.0870897,0.269236,0.282311
0.351915,0.0829778,0.276258,0.288848
0.342829,0.081719,0.269346,0.306106
0.343752,0.0821224,0.272596,0.30153
0.323534,0.0817255,0.246167,0.348574
0.338627,0.0870103,0.242621,0.331741
0.332194,0.0878928,0.256573,0.32334
0.312183,0.0767367,0.233271,0.37781
0.335219,0.0885648,0.249506,0.326711
0.347019,0.0788621,0.24538,0.328739
0.336859,0.0826217,0.244614,0.335905
0.34596,0.0867577,0.240445,0.326837
0.331855,0.080358,0.24566,0.342127
0.335878,0.0902895,0.256092,0.31774
0.332023,0.0914687,0.268706,0.307802
0.329633,0.0867943,0.257032,0.32654
0.347118,0.0876664,0.274185,0.291031
0.345622,0.0895688,0.268525,0.296284
0.353447,0.0899045,0.279125,0.277524
0.365609,0.0904107,0.259907,0.284072
0.366068,0.0907229,0.263165,0.280043
0.374733,0.0967946,0.265194,0.263279
0.372717,0.0947283,0.262257,0.270298
0.376581,0.0988867,0.264087,0.260446
0.370176,0.0911016,0.271317,0.267405
0.394207,0.108078,0.25403,0.243685
0.404992,0.0999133,0.257142,0.237953
0.396784,0.0881857,0.248506,0.266524
0.392127,0.0869327,0.259793,0.261147
0.400183,0.0784635,0.236474,0.284879
0.411847,0.0744992,0.228584,0.285069
0.401587,0.0697596,0.22796,0.300693
0.409817,0.0782903,0.2197,0.292193
0.412488,0.0803039,0.226905,0.280303
0.362916,0.074697,0.24238,0.320007
0.358207,0.0696335,0.230183,0.341977
0.340847,0.0746093,0.248736,0.335808
0.334355,0.0775743,0.252506,0.335565
0.333727,0.0786861,0.247662,0.339925
0.384752,0.0787739,0.211912,0.324562
0.360101,0.0679741,0.217703,0.354222
0.365121,0.0683073,0.20635,0.360222
0.347631,0.0666901,0.214713,0.370966
0.343266,0.0672378,0.215878,0.373618
0.357272,0.0652517,0.208841,0.368635
0.364394,0.0753916,0.205252,0.354963
0.360937,0.0700848,0.189909,0.37907
0.347703,0.069791,0.209686,0.37282
0.353334,0.0741871,0.208957,0.363522
0.356556,0.0735224,0.205065,0.364856
0.34593,0.0771847,0.221026,0.35586
0.360411,0.08037,0.214353,0.344866
0.366903,0.0805308,0.214097,0.33847
0.370823,0.0888805,0.21511,0.325187
0.385015,0.0830181,0.203241,0.328726
0.397574,0.0870171,0.18858,0.326829
0.38782,0.0868901,0.196665,0.328625
0.381935,0.0931463,0.200838,0.324081
0.385212,0.097521,0.214017,0.30325
0.363091,0.0876218,0.204086,0.345202
0.347897,0.093192,0.21844,0.340471
0.369793,0.0984184,0.207464,0.324325
0.377545,0.096179,0.20718,0.319096
0.388599,0.101939,0.210167,0.299294
0.375354,0.0868665,0.214934,0.322845
0.372731,0.0911436,0.209911,0.326214
0.370686,0.0802641,0.221946,0.327104
0.355178,0.0867849,0.216955,0.341083
0.350986,0.0840807,0.213232,0.351702
0.330133,0.0813977,0.239613,0.348856
0.317679,0.0712895,0.218107,0.392925
0.32694,0.0696051,0.212871,0.390585
0.341575,0.0707196,0.197708,0.389997
0.341171,0.0747464,0.20643,0.377653
0.350574,0.079183,0.20925,0.360992
0.346694,0.0704231,0.184788,0.398096
0.321931,0.059813,0.199571,0.418685
0.32601,0.0597295,0.178524,0.435736
0.314583,0.0584793,0.175498,0.45144
0.281744,0.0463291,0.180389,0.491538
0.294387,0.055222,0.187871,0.46252
0.309315,0.0529489,0.190446,0.447291
0.318146,0.0497622,0.206901,0.425192
0.34379,0.0572592,0.221483,0.377468
0.335082,0.0527092,0.217857,0.394352
0.322366,0.0550509,0.254022,0.368561
0.323651,0.058916,0.247485,0.369948
0.311108,0.057848,0.251147,0.379897
0.320349,0.0621034,0.256381,0.361166
0.298159,0.0539588,0.238789,0.409093
0.311503,0.0608873,0.228526,0.399084
0.304591,0.0629235,0.243621,0.388864
0.311919,0.0591407,0.240773,0.388167
0.346889,0.0602513,0.223914,0.368946
0.359321,0.0666764,0.232652,0.341351
0.364172,0.0649765,0.210875,0.359976
0.369389,0.0615716,0.203466,0.365573
0.356019,0.0549129,0.200663,0.388405
0.339598,0.0537107,0.21549,0.391201
0.320257,0.0587164,0.218643,0.402384
0.308898,0.055418,0.256474,0.379209
0.341268,0.0578877,0.244214,0.35663
0.351481,0.0535092,0.23157,0.36344
0.345522,0.0537146,0.219957,0.380807
0.386248,0.0498647,0.184764,0.379123
0.359522,0.05061,0.183163,0.406705
0.345133,0.0495175,0.186224,0.419126
0.343666,0.0547332,0.174809,0.426792
0.335245,0.0529501,0.185492,0.426313
0.334534,0.0506715,0.183289,0.431505
0.353224,0.0568238,0.201739,0.388214
0.361112,0.0581034,0.185566,0.395219
0.369301,0.058117,0.164584,0.407999
0.35505,0.0533621,0.163667,0.427921
0.361161,0.056241,0.154527,0.428071
0.356202,0.0583728,0.15713,0.428296
0.350159,0.0565787,0.147876,0.445386
0.343081,0.0606533,0.156918,0.439348
0.352343,0.0663241,0.167124,0.414209
0.342186,0.0539539,0.170602,0.433258
0.360846,0.0561631,0.181441,0.40155
0.350347,0.0572363,0.169929,0.422488
0.337703,0.0582304,0.170955,0.433112
0.351519,0.0642685,0.160281,0.423932
0.356176,0.0616754,0.149478,0.432671
0.344124,0.0605779,0.147639,0.447659
0.35056,0.0608132,0.151494,0.437133
0.358481,0.0560264,0.147287,0.438205
0.369461,0.0648559,0.158444,0.407238
0.35508,0.0696627,0.156215,0.419041
0.366046,0.0669485,0.149043,0.417962
0.374385,0.0658642,0.143658,0.416093
0.362279,0.0617227,0.137523,0.438475
0.347492,0.0676781,0.166916,0.417915
0.352515,0.0629873,0.145474,0.439024
0.339359,0.0603641,0.177224,0.423053
0.340046,0.0637544,0.195092,0.401108
0.325897,0.0654358,0.191117,0.41755
0.347584,0.0710381,0.187716,0.393662
0.361127,0.0596158,0.198891,0.380367
0.351807,0.0643342,0.179286,0.404573
0.351318,0.0649581,0.172995,0.410729
0.348868,0.0730487,0.160774,0.41731
0.349559,0.0660195,0.163344,0.421077
0.333257,0.0636108,0.152112,0.451021
0.359581,0.0613984,0.147443,0.431577
0.395694,0.0648323,0.138211,0.401263
0.358474,0.066549,0.133997,0.44098
0.387412,0.0701324,0.125561,0.416894
0.387546,0.064263,0.124566,0.423624
0.395418,0.0616926,0.116197,0.426693
0.378003,0.059379,0.120809,0.441809
0.352087,0.0517189,0.132981,0.463214
0.356267,0.057533,0.123684,0.462516
0.34505,0.0623871,0.132293,0.460271
0.330231,0.0706936,0.131336,0.467739
0.35043,0.0698381,0.135199,0.444533
0.338024,0.0681088,0.135636,0.458232
0.345281,0.0754329,0.129438,0.449848
0.354354,0.0801676,0.130224,0.435254
0.380752,0.0871921,0.12876,0.403296
0.366112,0.0828855,0.133134,0.417869
0.323134,0.0636731,0.149811,0.463382
0.31261,0.0609015,0.156163,0.470325
0.360932,0.057199,0.146712,0.435156
0.348051,0.0678145,0.151013,0.433122
0.3503,0.0646324,0.162737,0.42233
0.38089,0.0615321,0.165408,0.39217
0.35976,0.057326,0.168172,0.414742
0.323395,0.0480598,0.163571,0.464974
0.297338,0.0457969,0.168665,0.4882
0.28571,0.0421695,0.167407,0.504714
0.275741,0.0463503,0.184264,0.493645
0.304495,0.0423927,0.179784,0.473328
0.306181,0.0448198,0.17111,0.477888
0.319943,0.0519521,0.197888,0.430217
0.324701,0.0473441,0.193362,0.434593
0.308143,0.0453994,0.19859,0.447868
0.31728,0.0398251,0.181741,0.461153
0.317029,0.0412476,0.165276,0.476448
0.326937,0.0377997,0.155727,0.479536
0.296077,0.0456939,0.162519,0.49571
0.308794,0.0530041,0.157856,0.480346
0.321749,0.0535156,0.163564,0.461171
0.273022,0.0497502,0.166881,0.510347
0.30982,0.0550265,0.156659,0.478495
0.321073,0.0609467,0.152236,0.465744
0.30874,0.0522949,0.13793,0.501035
0.304409,0.0576633,0.140292,0.497635
0.286142,0.0645884,0.162079,0.487191
0.269215,0.0626677,0.16423,0.503887
0.272341,0.0715385,0.154685,0.501436
0.272522,0.0697537,0.153773,0.503951
0.295095,0.0703424,0.147122,0.487441
0.296984,0.0951238,0.136281,0.471611
0.321427,0.0902264,0.1396,0.448746
0.309706,0.0852295,0.134881,0.470184
0.283929,0.0735229,0.145806,0.496742
0.271047,0.08767,0.133604,0.507679
0.262536,0.0785025,0.127296,0.531666
0.257015,0.0782016,0.14016,0.524624
0.284919,0.0736499,0.130864,0.510567
0.273188,0.0771377,0.136281,0.513393
0.297838,0.0814451,0.141098,0.479619
0.308666,0.0745651,0.149989,0.46678
0.307224,0.0770185,0.139446,0.476312
0.325737,0.0730126,0.138575,0.462675
0.302061,0.0662775,0.164178,0.467483
0.307037,0.0706554,0.143918,0.47839
0.317067,0.0589962,0.156175,0.467762
0.29495,0.0655714,0.150972,0.488507
0.298076,0.0581906,0.154277,0.489456
0.319022,0.0536054,0.165179,0.462195
0.299895,0.0489268,0.157488,0.49369
0.337667,0.0480641,0.153696,0.460574
0.305903,0.0442162,0.154843,0.495038
0.302328,0.0423797,0.161731,0.493561
0.301544,0.0438068,0.160976,0.493673
0.282805,0.0437009,0.174698,0.498796
0.236352,0.0369027,0.168856,0.557889
0.263331,0.0491996,0.150796,0.536673
0.278285,0.0498098,0.152979,0.518926
0.272847,0.0489355,0.158524,0.519694
0.257569,0.0467453,0.158852,0.536833
0.253481,0.0431042,0.164178,0.539236
0.239733,0.0444832,0.152554,0.56323
0.209191,0.0451587,0.141063,0.604587
0.220548,0.0447602,0.141486,0.593206
0.227391,0.0443176,0.140865,0.587427
0.225332,0.0430872,0.153582,0.577998
0.233835,0.0448974,0.145606,0.575662
0.249168,0.0442661,0.151407,0.555159
0.234213,0.0516945,0.14508,0.569012
0.235028,0.0544782,0.14465,0.565843
0.234621,0.0493331,0.158458,0.557587
0.230969,0.0523698,0.143304,0.573357
0.225738,0.062672,0.13316,0.578431
0.241635,0.0535077,0.160672,0.544186
0.24887,0.0490197,0.165,0.53711
0.247297,0.0519637,0.15158,0.54916
0.251157,0.0493961,0.151893,0.547554
0.251016,0.0475124,0.154526,0.546946
0.262517,0.0481261,0.159529,0.529828
0.266146,0.0454185,0.162485,0.52595
0.257414,0.0432555,0.149645,0.549685
0.256708,0.0400304,0.167617,0.535644
0.297427,0.0466285,0.170627,0.485317
0.27596,0.0368701,0.180936,0.506234
0.289536,0.0454071,0.155937,0.509119
0.283249,0.043783,0.15449,0.518479
0.293363,0.0452857,0.164059,0.497292
0.275978,0.0394902,0.147368,0.537164
0.284035,0.0426457,0.15927,0.51405
0.251421,0.0375386,0.165065,0.545975
0.249801,0.0432027,0.174896,0.5321
0.278014,0.0443718,0.170621,0.506994
0.258,0.0391085,0.166237,0.536655
0.254614,0.0389256,0.171224,0.535237
0.27084,0.03878,0.171172,0.519208
0.253427,0.0382577,0.157712,0.550604
0.250014,0.0396452,0.180378,0.529962
0.236552,0.0346398,0.164272,0.564536
0.222407,0.0357529,0.170307,0.571533
0.230826,0.0396383,0.17583,0.553705
0.256473,0.0406929,0.176296,0.526538
0.248234,0.039257,0.183695,0.528813
0.267967,0.0419145,0.161838,0.52828
0.271903,0.0401097,0.173267,0.51472
0.294942,0.0443866,0.156329,0.504343
0.2736,0.0430639,0.158561,0.524775
0.273098,0.0441088,0.151631,0.531163
0.258345,0.0463746,0.172913,0.522368
0.279622,0.0441143,0.190378,0.485886
0.269558,0.0510955,0.178854,0.500492
0.277879,0.0533945,0.15492,0.513806
0.265667,0.0452802,0.153692,0.535362
0.307082,0.0525434,0.15209,0.488284
0.310353,0.049095,0.142606,0.497946
0.305274,0.0479665,0.129105,0.517654
0.281779,0.0541153,0.146639,0.517466
0.277747,0.0482137,0.148832,0.525208
0.26878,0.0451023,0.125601,0.560517
0.297829,0.0497427,0.122672,0.529757
0.290562,0.0480346,0.11856,0.542843
0.29146,0.0480532,0.129607,0.53088
0.317714,0.04845,0.138853,0.494982
0.331531,0.0533959,0.110559,0.504514
0.321012,0.0500134,0.115615,0.51336
0.329619,0.0486265,0.123278,0.498476
0.319426,0.0484597,0.118784,0.513331
0.306607,0.0528245,0.127108,0.51346
0.285642,0.0447448,0.123689,0.545925
0.287323,0.0390935,0.139866,0.533718
0.254989,0.035733,0.134261,0.575017
0.279202,0.0383251,0.13764,0.544832
0.260054,0.0343075,0.141667,0.563971
0.253783,0.0390168,0.122633,0.584567
0.272185,0.0404213,0.14108,0.546314
0.285529,0.0401177,0.137527,0.536826
0.268605,0.0348379,0.137307,0.559251
0.287183,0.0370882,0.141058,0.534671
0.263954,0.035968,0.139773,0.560305
0.298173,0.0353483,0.131466,0.535013
0.296762,0.0355139,0.136866,0.530858
0.307692,0.0386838,0.136365,0.517259
0.283241,0.0356966,0.12414,0.556922
0.286423,0.0349343,0.12249,0.556152
0.280632,0.0347963,0.120017,0.564554
0.259208,0.033989,0.142765,0.564038
0.261623,0.0376652,0.143564,0.557147
0.270982,0.0414627,0.170381,0.517175
0.261695,0.0336762,0.158044,0.546584
0.255501,0.0344485,0.170819,0.539232
0.271737,0.0371451,0.158436,0.532682
0.260911,0.0390615,0.1582,0.541828
0.265953,0.0412549,0.142686,0.550106
0.294646,0.0418008,0.159514,0.504039
0.29787,0.052681,0.149587,0.499863
0.302043,0.0510561,0.150887,0.496014
0.269563,0.041936,0.159029,0.529472
0.311531,0.0502531,0.155469,0.482748
0.290987,0.0561713,0.159857,0.492984
0.274009,0.0493991,0.167832,0.50876
0.285326,0.0565903,0.152526,0.505558
0.293465,0.0499292,0.143722,0.512884
0.281581,0.046538,0.165414,0.506467
0.268112,0.0457575,0.166221,0.51991
0.261492,0.0464584,0.174719,0.517331
0.26915,0.0501449,0.180299,0.500406
0.274049,0.0533282,0.195262,0.477361
0.287928,0.0627861,0.19067,0.458615
0.297215,0.0652619,0.192558,0.444965
0.292541,0.0569997,0.185765,0.464695
0.266896,0.0522469,0.193588,0.487269
0.257551,0.0514119,0.20697,0.484068
0.237567,0.0411173,0.228998,0.492317
0.249103,0.0469925,0.213222,0.490683
0.246264,0.0442921,0.204554,0.504891
0.254792,0.041615,0.197862,0.50573
0.272446,0.0521746,0.196711,0.478668
0.306746,0.0615187,0.17257,0.459165
0.27987,0.0449806,0.202761,0.472389
0.277112,0.0551558,0.198101,0.469632
0.265435,0.0475508,0.20473,0.482284
0.255349,0.0469899,0.199869,0.497792
0.226869,0.0388981,0.217046,0.517187
0.238801,0.0438026,0.180524,0.536872
0.226126,0.0445328,0.16855,0.560791
0.242011,0.0471322,0.168006,0.542851
0.269675,0.0444414,0.175298,0.510585
0.25523,0.0503792,0.184591,0.5098
0.265643,0.0562947,0.187618,0.490444
0.266588,0.0489343,0.169351,0.515126
0.260526,0.0496825,0.190313,0.499478
0.255368,0.0505076,0.176765,0.51736
0.262637,0.0553746,0.182731,0.499258
0.271531,0.0585878,0.183325,0.486555
0.277278,0.0601523,0.202799,0.45977
0.271047,0.0659416,0.193869,0.469143
0.265649,0.0612483,0.196322,0.476781
0.243888,0.0587425,0.188844,0.508525
0.255006,0.0637809,0.180868,0.500346
0.233648,0.0550518,0.195766,0.515534
0.226904,0.0547328,0.183559,0.534804
0.232373,0.0581996,0.204103,0.505324
0.223835,0.0566657,0.192573,0.526927
0.218368,0.0514518,0.212282,0.517898
0.239832,0.0558905,0.203835,0.500442
0.256208,0.0557959,0.210201,0.477795
0.244701,0.0582669,0.210641,0.486391
0.259359,0.0642799,0.212311,0.46405
0.267279,0.0617315,0.225371,0.445618
0.286154,0.0690656,0.226248,0.418533
0.284317,0.0671102,0.228383,0.42019
0.29621,0.0747391,0.236014,0.393037
0.293964,0.0665917,0.20744,0.432004
0.29477,0.0658151,0.204416,0.434999
0.285943,0.0677671,0.216856,0.429434
0.298534,0.0743966,0.213421,0.413648
0.306489,0.0769657,0.223559,0.392987
0.294851,0.0692474,0.246342,0.38956
0.292055,0.0721337,0.239016,0.396794
0.289549,0.0659938,0.256968,0.387489
0.276758,0.0554784,0.237535,0.430229
0.281115,0.0595413,0.214136,0.445208
0.286107,0.058229,0.23622,0.419444
0.282554,0.0630704,0.233143,0.421232
0.306413,0.0638053,0.220041,0.40974
0.303664,0.0643903,0.20773,0.424216
0.300741,0.064606,0.178713,0.45594
0.298786,0.0707665,0.174063,0.456385
0.297126,0.0745139,0.206379,0.421981
0.294274,0.059724,0.189336,0.456666
0.295149,0.0613791,0.194153,0.44932
0.291895,0.0634818,0.17671,0.467914
0.325412,0.0597862,0.168762,0.44604
0.308828,0.0596099,0.185445,0.446117
0.307116,0.0590199,0.202469,0.431395
0.307144,0.0671878,0.196085,0.429583
0.280458,0.0698178,0.224321,0.425403
0.262802,0.0608933,0.184088,0.492217
0.267293,0.0629288,0.196873,0.472905
0.274861,0.0680614,0.199722,0.457356
0.272114,0.0648027,0.194535,0.468548
0.284019,0.0782962,0.217945,0.419739
0.299301,0.0742878,0.215788,0.410624
0.288512,0.0713085,0.229217,0.410963
0.297404,0.0696951,0.223095,0.409805
0.286745,0.0623492,0.211372,0.439534
0.293366,0.0625902,0.209897,0.434146
0.303664,0.0720716,0.225358,0.398907
0.316103,0.0816183,0.220781,0.381498
0.311125,0.0784384,0.229482,0.380954
0.304573,0.0700121,0.229818,0.395597
0.304195,0.0660865,0.233825,0.395893
0.310221,0.0672073,0.22443,0.398141
0.307185,0.0683307,0.227116,0.397369
0.31682,0.0770744,0.226997,0.379109
0.326411,0.075106,0.218018,0.380465
0.321897,0.0767232,0.247346,0.354034
0.313938,0.0686291,0.248335,0.369098
0.308692,0.0612676,0.237407,0.392633
0.318459,0.0749197,0.246982,0.35964
0.322627,0.0744439,0.258987,0.343942
0.332041,0.0809168,0.266296,0.320746
0.326155,0.0849329,0.259395,0.329518
0.358135,0.0844395,0.246009,0.311417
0.329805,0.0829809,0.2612,0.326014
0.312275,0.0770811,0.253823,0.356821
0.320108,0.084851,0.250314,0.344727
0.307628,0.0906012,0.252649,0.349122
0.313105,0.0925687,0.255548,0.338779
0.307211,0.0850441,0.246298,0.361447
0.318597,0.0826179,0.222379,0.376406
0.311758,0.0832438,0.223837,0.381162
0.305172,0.0765612,0.242099,0.376168
0.308043,0.0857555,0.23763,0.368571
0.314846,0.0877586,0.23564,0.361756
0.298905,0.0815561,0.223682,0.395857
0.326661,0.0880525,0.206756,0.37853
0.329325,0.0941941,0.200444,0.376036
0.30304,0.0821982,0.214745,0.400017
0.330468,0.093106,0.208632,0.367794
0.328815,0.0940831,0.217317,0.359784
0.323946,0.0929228,0.223049,0.360082
0.330672,0.0883408,0.216548,0.364439
0.33996,0.0766583,0.207002,0.37638
0.305745,0.0779015,0.207907,0.408447
0.306996,0.0826888,0.225263,0.385052
0.329608,0.0848151,0.224636,0.360941
