EUR=X,JPY=X,CHFUSD,GLD
0.3691,0.0570391,0.0975494,0.476311
0.358513,0.0473971,0.105877,0.488213
0.353412,0.0546394,0.112649,0.4793
0.333861,0.0493833,0.102894,0.513861
0.334741,0.0468479,0.11715,0.501261
0.334785,0.0415129,0.115254,0.508449
0.323913,0.0348482,0.105245,0.535994
0.31734,0.0438938,0.112226,0.52654
0.321802,0.0440712,0.127461,0.506666
0.349038,0.0465014,0.135731,0.46873
0.327364,0.0395662,0.139353,0.493717
0.339501,0.0402028,0.135701,0.484595
0.305368,0.037898,0.138692,0.518043
0.301708,0.0341169,0.133509,0.530666
0.289712,0.0338836,0.140177,0.536227
0.300654,0.0326638,0.142075,0.524607
0.27121,0.0322888,0.139388,0.557113
0.30258,0.0363878,0.134575,0.526457
0.325668,0.0395244,0.137807,0.497001
0.325257,0.0345905,0.12368,0.516473
0.312576,0.0335311,0.119468,0.534425
0.32187,0.0370296,0.121537,0.519563
0.317965,0.0401576,0.116787,0.52509
0.310549,0.0411025,0.117012,0.531336
0.305808,0.0421927,0.108327,0.543673
0.290853,0.0454494,0.110054,0.553643
0.264428,0.0450953,0.096086,0.594391
0.282054,0.0421413,0.0899915,0.585813
0.303102,0.0478708,0.0977176,0.55131
0.288469,0.0488865,0.0938265,0.568818
0.305567,0.0561431,0.0911522,0.547138
0.336947,0.0604115,0.0977184,0.504923
0.320235,0.0732778,0.0994246,0.507063
0.298323,0.0817414,0.0951225,0.524813
0.309403,0.0822959,0.103057,0.505244
0.316511,0.0850463,0.112211,0.486231
0.285475,0.0781515,0.103339,0.533034
0.282606,0.0792797,0.101548,0.536567
0.293111,0.0773928,0.0925349,0.536961
0.297272,0.0808523,0.0983558,0.52352
0.274673,0.0733153,0.104381,0.547631
0.296819,0.0750218,0.0972772,0.530882
0.293862,0.0652008,0.111712,0.529225
0.281569,0.0617035,0.108349,0.548379
0.282616,0.0570097,0.107094,0.553281
0.297066,0.05674,0.0992715,0.546922
0.266037,0.049618,0.108545,0.575801
0.246186,0.0445742,0.115573,0.593667
0.256946,0.0447466,0.112207,0.5861
0.248273,0.0412017,0.10831,0.602215
0.240122,0.0374449,0.0972329,0.6252
0.264913,0.0375485,0.0956611,0.601878
0.267934,0.0344269,0.0951366,0.602502
0.253182,0.0335262,0.0995998,0.613692
0.273957,0.0372052,0.0988705,0.589968
0.251064,0.0321335,0.110258,0.606545
0.242526,0.0326927,0.130638,0.594144
0.226549,0.03027,0.122256,0.620925
0.219237,0.026961,0.11861,0.635191
0.217674,0.0294086,0.117017,0.6359
0.213566,0.0290127,0.112388,0.645033
0.218045,0.0285228,0.109763,0.643669
0.222436,0.0339581,0.120061,0.623544
0.231182,0.0365552,0.117629,0.614634
0.240268,0.0369016,0.130478,0.592353
0.2283,0.0392752,0.138229,0.594196
0.242737,0.0373965,0.118312,0.601555
0.245122,0.041644,0.115363,0.597871
0.239102,0.0396441,0.116348,0.604905
0.240939,0.0362815,0.118536,0.604243
0.233486,0.0333765,0.12487,0.608267
0.247335,0.0359496,0.134287,0.582428
0.233451,0.0390508,0.147499,0.579999
0.23525,0.0415473,0.150847,0.572355
0.257461,0.0425985,0.132478,0.567463
0.264297,0.0385342,0.12557,0.571599
0.245127,0.035718,0.133513,0.585642
0.248274,0.0322444,0.141639,0.577842
0.227802,0.0346598,0.152287,0.585251
0.246379,0.0371215,0.150499,0.566
0.245229,0.0377637,0.144907,0.5721
0.236482,0.040113,0.131265,0.592139
0.240939,0.0324643,0.125312,0.601285
0.255028,0.0350466,0.128037,0.581888
0.270226,0.0381334,0.128827,0.562814
0.260389,0.0339175,0.142919,0.562775
0.267365,0.0351646,0.136617,0.560853
0.271191,0.0354307,0.138562,0.554816
0.286537,0.0358828,0.151873,0.525707
0.288874,0.0370238,0.150441,0.523662
0.282263,0.0361087,0.143347,0.538281
0.255752,0.0315352,0.131958,0.580755
0.258105,0.0294671,0.13496,0.577468
0.265658,0.0318922,0.125602,0.576849
0.256179,0.0302668,0.138674,0.57488
0.261596,0.0299906,0.134104,0.57431
0.256636,0.0327509,0.129466,0.581148
0.248843,0.0328397,0.120863,0.597455
0.254757,0.0317937,0.121139,0.59231
0.277329,0.0291618,0.101843,0.591666
0.261708,0.0281547,0.110754,0.599384
0.245035,0.0288266,0.107915,0.618223
0.236111,0.0283986,0.105052,0.630438
0.252176,0.0289409,0.103151,0.615732
0.264433,0.0304018,0.0992185,0.605947
0.273166,0.0324503,0.100878,0.593506
0.283807,0.0294198,0.0914901,0.595283
0.281715,0.0291935,0.0942454,0.594846
0.294748,0.0331757,0.0993788,0.572697
0.306185,0.0368025,0.0930524,0.56396
0.289494,0.0353075,0.102515,0.572683
0.29149,0.0420264,0.102329,0.564155
0.310096,0.0460256,0.0998129,0.544066
0.297366,0.041296,0.0961988,0.56514
0.296775,0.0414466,0.0832012,0.578577
0.316883,0.0397974,0.085834,0.557485
0.303742,0.0390092,0.0946849,0.562563
0.322109,0.0423069,0.0972748,0.538309
0.307771,0.03637,0.093074,0.562785
0.294647,0.0387672,0.0952639,0.571322
0.31008,0.0405967,0.0947836,0.554539
0.301267,0.0363352,0.0934898,0.568908
0.297403,0.0322825,0.0976852,0.572629
0.277963,0.0328194,0.095385,0.593832
0.28104,0.0344171,0.0925171,0.592026
0.257839,0.0335591,0.0949815,0.613621
0.272203,0.032927,0.109173,0.585697
0.272739,0.0346186,0.110314,0.582328
0.251632,0.0288923,0.100995,0.61848
0.247084,0.0284609,0.0902074,0.634247
0.249128,0.0308262,0.0893535,0.630692
0.234686,0.026226,0.0923862,0.646702
0.227308,0.0261705,0.10017,0.646352
0.211946,0.0280983,0.0959288,0.664027
0.21935,0.0279344,0.0991073,0.653608
0.217537,0.025889,0.0853399,0.671234
0.222792,0.0269182,0.0864482,0.663842
0.253216,0.0301611,0.0846005,0.632023
0.25715,0.0332993,0.0951593,0.614391
0.253349,0.0346422,0.102638,0.609371
0.252131,0.0312162,0.103647,0.613005
0.263157,0.0423584,0.119506,0.574979
0.270948,0.0376647,0.111229,0.580159
0.287987,0.046733,0.120695,0.544585
0.266481,0.041633,0.118902,0.572984
0.270941,0.0418749,0.131229,0.555955
0.249588,0.041062,0.134215,0.575135
0.264299,0.0471328,0.130927,0.557641
0.271433,0.0503723,0.137889,0.540305
0.27136,0.0487994,0.145794,0.534047
0.294892,0.0549584,0.136289,0.513861
0.286133,0.052296,0.138477,0.523094
0.264672,0.045885,0.133428,0.556015
0.285869,0.0520973,0.127227,0.534807
0.297953,0.0528827,0.125842,0.523323
0.288951,0.0510323,0.130877,0.52914
0.261692,0.0429661,0.140803,0.554539
0.266156,0.0452143,0.138815,0.549815
0.284295,0.0496747,0.137916,0.528114
0.289688,0.0478959,0.132404,0.530013
0.283565,0.0462375,0.140337,0.52986
0.298134,0.043974,0.131372,0.52652
0.279269,0.0398317,0.133598,0.547301
0.265596,0.039184,0.146472,0.548749
0.271912,0.0400054,0.156212,0.531871
0.259819,0.0353502,0.153995,0.550835
0.255336,0.0349113,0.166933,0.54282
0.23603,0.0284511,0.162688,0.57283
0.219362,0.0274052,0.160275,0.592958
0.206407,0.0278922,0.149138,0.616563
0.197525,0.0261203,0.143809,0.632546
0.199223,0.0247949,0.141948,0.634034
0.220674,0.0263307,0.158138,0.594857
0.194731,0.0234134,0.155589,0.626266
0.201563,0.0240379,0.154252,0.620147
0.190124,0.0245387,0.145424,0.639913
0.212381,0.033027,0.149406,0.605186
0.214789,0.0309892,0.149564,0.604658
0.213459,0.031457,0.158507,0.596578
0.188525,0.0286767,0.166384,0.616414
0.199948,0.0299207,0.156661,0.61347
0.209613,0.031616,0.162175,0.596596
0.218542,0.0322765,0.165281,0.5839
0.221516,0.0345077,0.16241,0.581567
0.222448,0.0356186,0.150945,0.590989
0.198221,0.0370058,0.130614,0.634159
0.194193,0.0314632,0.134772,0.639572
0.203414,0.0377535,0.134177,0.624655
0.216007,0.0392378,0.140413,0.604342
0.214972,0.0413024,0.139798,0.603928
0.227004,0.0422253,0.150138,0.580633
0.238029,0.0356368,0.143905,0.582429
0.252029,0.0404244,0.144298,0.563249
0.228171,0.0340724,0.16533,0.572426
0.244195,0.0386729,0.176833,0.540299
0.233951,0.0403906,0.170412,0.555246
0.223384,0.0338655,0.171023,0.571728
0.235195,0.0312185,0.146186,0.5874
0.252543,0.0321863,0.178714,0.536557
0.253724,0.0347526,0.167862,0.543662
0.276508,0.033155,0.160219,0.530117
0.268502,0.0387904,0.160953,0.531755
0.264499,0.0327639,0.18328,0.519457
0.262395,0.0360642,0.163706,0.537834
0.287306,0.0386559,0.177697,0.496341
0.275621,0.0345595,0.172666,0.517153
0.256005,0.0342898,0.181716,0.52799
0.23785,0.035743,0.179453,0.546954
0.274809,0.0385882,0.182409,0.504193
0.259858,0.0354378,0.203781,0.500923
0.25659,0.0348883,0.195578,0.512944
0.263871,0.0350764,0.191554,0.509499
0.268732,0.0379134,0.185085,0.50827
0.24417,0.0392504,0.200605,0.515974
0.262477,0.0440748,0.197559,0.495889
0.253007,0.0474361,0.192231,0.507326
0.272182,0.0441434,0.209847,0.473828
0.240543,0.04589,0.211419,0.502148
0.260256,0.0500426,0.197552,0.492149
0.258185,0.0505002,0.200653,0.490661
0.251763,0.0507353,0.188352,0.509149
0.260838,0.0488057,0.193013,0.497343
0.256131,0.051548,0.179316,0.513004
0.246039,0.0548084,0.180608,0.518545
0.251589,0.0572196,0.186618,0.504574
0.254901,0.0595091,0.174973,0.510617
0.27707,0.0680773,0.169921,0.484932
0.266162,0.0624071,0.190256,0.481175
0.276808,0.0590523,0.19435,0.46979
0.278084,0.0588812,0.201162,0.461874
0.28057,0.0533309,0.207029,0.459071
0.270939,0.0596084,0.214666,0.454786
0.301537,0.0678424,0.202712,0.427909
0.290253,0.0664703,0.208774,0.434502
0.300794,0.0691146,0.205991,0.4241
0.296824,0.064859,0.213249,0.425069
0.299893,0.0657601,0.189415,0.444932
0.304261,0.0632758,0.19135,0.441114
0.334098,0.0692501,0.189045,0.407607
0.350234,0.0717438,0.207215,0.370807
0.331845,0.0681166,0.222807,0.377231
0.311099,0.059084,0.211277,0.418541
0.333371,0.0678631,0.213947,0.384819
0.324269,0.06869,0.226561,0.38048
0.345348,0.0780694,0.22942,0.347162
0.346905,0.0830419,0.22245,0.347603
0.348428,0.0770993,0.227733,0.34674
0.342594,0.0738819,0.235144,0.34838
0.346882,0.0713067,0.232263,0.349548
0.343596,0.0733515,0.225192,0.35786
0.324877,0.0703834,0.246196,0.358544
0.335764,0.0765501,0.221413,0.366273
0.331772,0.0779975,0.222159,0.368071
0.318149,0.0760625,0.220496,0.385292
0.279508,0.0634684,0.231783,0.42524
0.274559,0.0630952,0.226052,0.436294
0.291805,0.0675251,0.229339,0.41133
0.262096,0.0637233,0.212267,0.461914
0.278674,0.0639214,0.209715,0.447689
0.290706,0.0622614,0.20353,0.443503
0.28091,0.0569964,0.204888,0.457206
0.274793,0.0549339,0.194636,0.475637
0.270797,0.0551843,0.220543,0.453476
0.273289,0.059602,0.221183,0.445926
0.271408,0.0616211,0.252015,0.414956
0.275383,0.0595268,0.245092,0.419999
0.286695,0.0607726,0.234904,0.417628
0.300906,0.0662858,0.227155,0.405654
0.304603,0.0640605,0.233616,0.39772
0.310965,0.0633032,0.225082,0.400649
0.321237,0.0663532,0.227293,0.385117
0.291155,0.0551559,0.255129,0.39856
0.309315,0.0636993,0.249742,0.377243
0.307007,0.0620762,0.245863,0.385053
0.330367,0.0667488,0.224369,0.378516
0.326936,0.071022,0.221684,0.380358
0.308877,0.0611852,0.206981,0.422957
0.314169,0.0535789,0.212663,0.419589
0.324559,0.055761,0.205302,0.414378
0.314758,0.0606298,0.221438,0.403174
0.301567,0.0558282,0.216396,0.426209
0.314011,0.0564326,0.222328,0.407228
0.317944,0.0598628,0.229715,0.392477
0.326276,0.06233,0.213552,0.397842
0.318733,0.0598934,0.222279,0.399095
0.305659,0.0527646,0.223084,0.418492
0.304064,0.0557272,0.20737,0.432839
0.316381,0.0486882,0.194979,0.439952
0.311905,0.0533761,0.202681,0.432038
0.325913,0.050017,0.181704,0.442367
0.329764,0.0499991,0.181609,0.438629
0.3541,0.0506559,0.177159,0.418085
0.339984,0.0527616,0.182662,0.424593
0.342972,0.054196,0.190077,0.412755
0.325691,0.0487658,0.186173,0.439369
0.322181,0.0534576,0.198926,0.425435
0.332898,0.0537765,0.180121,0.433204
0.314754,0.05818,0.174147,0.452918
0.326753,0.0544103,0.154326,0.464511
0.327272,0.0522116,0.154615,0.465901
0.363675,0.0603941,0.145065,0.430866
0.358045,0.0558358,0.139574,0.446545
0.345484,0.0466494,0.145852,0.462014
0.350301,0.0491251,0.143309,0.457265
0.375605,0.0597668,0.151664,0.412965
0.342615,0.0606059,0.147949,0.44883
0.314111,0.0541482,0.149084,0.482657
0.314005,0.0619188,0.144001,0.480075
0.324984,0.0597853,0.145915,0.469315
0.326768,0.0584171,0.147063,0.467752
0.341594,0.0626912,0.152513,0.443202
0.358122,0.061964,0.139517,0.440397
0.376643,0.0614544,0.147752,0.41415
0.395193,0.0680645,0.134714,0.402029
0.386155,0.0637331,0.141067,0.409045
0.379346,0.0564374,0.137605,0.426611
0.351164,0.0523978,0.140435,0.456004
0.346201,0.0582209,0.158245,0.437333
0.32141,0.0575877,0.172514,0.448489
0.322458,0.0657285,0.175528,0.436286
0.327912,0.0670735,0.165861,0.439153
0.33467,0.0584512,0.153422,0.453457
0.362152,0.0664074,0.147484,0.423957
0.371762,0.0710248,0.147194,0.41002
0.378186,0.0682264,0.149095,0.404493
0.382198,0.0658936,0.153827,0.398081
0.344546,0.0597187,0.143269,0.452466
0.343417,0.0673542,0.144854,0.444375
0.360685,0.0669661,0.142408,0.429941
0.350537,0.0550664,0.135758,0.458639
0.377368,0.0713529,0.127488,0.42379
0.363235,0.0768242,0.13735,0.422591
0.367685,0.0667817,0.131011,0.434522
0.346941,0.0571109,0.147942,0.448006
0.331785,0.0550312,0.144953,0.468232
0.349279,0.0579351,0.134907,0.457879
0.355011,0.0663602,0.148887,0.429742
0.328893,0.0624093,0.158242,0.450456
0.357391,0.0620441,0.141078,0.439486
0.33924,0.0607975,0.144437,0.455526
0.336418,0.0611515,0.135243,0.467188
0.348052,0.0686777,0.132748,0.450522
0.345448,0.0613301,0.134024,0.459198
0.355975,0.0653022,0.136545,0.442178
0.355023,0.0623,0.126419,0.456258
0.344221,0.0612741,0.1237,0.470805
0.342901,0.0529089,0.140645,0.463544
0.337518,0.0528237,0.139911,0.469747
0.307497,0.0552618,0.140616,0.496626
0.304933,0.0559848,0.153596,0.485486
0.2778,0.0502898,0.133485,0.538425
0.295593,0.0516524,0.132407,0.520348
0.280086,0.0483329,0.143626,0.527955
0.296942,0.0518593,0.133885,0.517314
0.272183,0.0480942,0.137423,0.542299
0.272727,0.0501285,0.129273,0.547871
0.280539,0.0495742,0.148379,0.521508
0.263362,0.0454267,0.148441,0.542771
0.241056,0.0447912,0.127392,0.586761
0.242226,0.0386959,0.126033,0.593045
0.234643,0.036943,0.12947,0.598944
0.225803,0.0414194,0.127885,0.604892
0.233939,0.0399485,0.129166,0.596947
0.232786,0.0366316,0.13703,0.593553
0.232277,0.0358269,0.147066,0.584831
0.246529,0.0395838,0.148437,0.56545
0.263789,0.0486003,0.139983,0.547628
0.261677,0.0474977,0.149166,0.541659
0.261099,0.0470875,0.148598,0.543215
0.252513,0.0477473,0.151769,0.54797
0.235544,0.0448115,0.160342,0.559302
0.204049,0.0419749,0.165843,0.588133
0.215504,0.047268,0.165969,0.571259
0.212205,0.0465035,0.167331,0.57396
0.226522,0.0576664,0.176598,0.539213
0.276072,0.0684132,0.171781,0.483734
0.271033,0.0617232,0.161605,0.505639
0.284839,0.065001,0.154045,0.496115
0.295168,0.0595496,0.169711,0.475571
0.300723,0.0650742,0.170396,0.463806
0.296129,0.060485,0.16088,0.482506
0.267168,0.0499969,0.174679,0.508157
0.253162,0.0520651,0.162211,0.532563
0.260048,0.0543525,0.160449,0.525151
0.252085,0.0493445,0.166174,0.532396
0.241775,0.0464592,0.157446,0.554319
0.260858,0.0456786,0.157808,0.535655
0.253663,0.0464713,0.150156,0.54971
0.270939,0.0585561,0.143155,0.52735
0.265015,0.0593478,0.151476,0.524161
0.265867,0.0547545,0.144774,0.534605
0.262248,0.0672043,0.164308,0.506239
0.259515,0.0658651,0.161155,0.513465
0.274857,0.0619944,0.159004,0.504144
0.288962,0.0617275,0.17992,0.469391
0.279999,0.0553512,0.150044,0.514605
0.302512,0.0579027,0.154676,0.484909
0.310084,0.053897,0.157441,0.478578
0.30252,0.0572506,0.143338,0.496891
0.294383,0.0602433,0.141065,0.504308
0.297819,0.054719,0.145694,0.501768
0.263568,0.0567173,0.159232,0.520482
0.251045,0.0565658,0.157526,0.534863
0.246914,0.053581,0.162371,0.537134
0.272587,0.0556069,0.153313,0.518493
0.26227,0.0518696,0.14813,0.53773
0.280984,0.0506056,0.160286,0.508125
0.276984,0.0502718,0.153677,0.519068
0.273285,0.04737,0.140102,0.539243
0.266786,0.0515758,0.168737,0.512901
0.259384,0.0483201,0.161668,0.530628
0.258282,0.0543675,0.164004,0.523346
0.259439,0.0527047,0.151905,0.535952
0.3032,0.0582835,0.152025,0.486492
0.307507,0.0579844,0.164806,0.469703
0.303523,0.0528739,0.16107,0.482533
0.317612,0.0534313,0.155048,0.473909
0.323135,0.0590332,0.15968,0.458152
0.299805,0.0575032,0.180029,0.462663
0.317332,0.0635852,0.186049,0.433034
0.318918,0.0576303,0.189733,0.433719
0.327078,0.0555178,0.168209,0.449196
0.298234,0.0512847,0.185964,0.464518
0.31513,0.0482434,0.185065,0.451562
0.304081,0.0516692,0.168148,0.476102
0.28188,0.0487673,0.171688,0.497665
0.275516,0.0568383,0.18199,0.485656
0.283138,0.0538349,0.171636,0.491391
0.26696,0.0449319,0.173811,0.514298
0.254301,0.0406408,0.163111,0.541947
0.279206,0.046751,0.166883,0.50716
0.268474,0.0455891,0.165854,0.520082
0.27458,0.0437035,0.162971,0.518745
0.300757,0.0484292,0.165982,0.484831
0.294874,0.0443977,0.149719,0.511009
0.263925,0.0405205,0.136045,0.559509
0.246238,0.037179,0.153182,0.563402
0.242304,0.0412758,0.139179,0.577241
0.236169,0.0439859,0.135201,0.584644
0.237653,0.0497728,0.139257,0.573317
0.268934,0.0478864,0.124708,0.558472
0.290292,0.0521166,0.156504,0.501087
0.293748,0.057011,0.15781,0.491431
0.287811,0.0630614,0.150985,0.498143
0.301523,0.062751,0.159001,0.476725
0.290733,0.0644211,0.166315,0.478531
0.290622,0.0586,0.172502,0.478276
0.281262,0.0586069,0.174278,0.485853
0.278425,0.0610037,0.156645,0.503926
0.299117,0.0652079,0.147898,0.487777
0.297956,0.0688502,0.134598,0.498596
0.323687,0.0756677,0.145728,0.454917
0.317061,0.0674258,0.139778,0.475735
0.301336,0.0620097,0.136977,0.499677
0.295366,0.0602482,0.145272,0.499113
0.264804,0.0560584,0.159054,0.520084
0.264519,0.0588903,0.170526,0.506064
0.258056,0.0520993,0.171434,0.518411
0.245961,0.042302,0.170942,0.540795
0.257615,0.0385878,0.169978,0.533819
0.275409,0.0427201,0.168795,0.513076
0.311423,0.0492328,0.163354,0.47599
0.298938,0.0518492,0.164026,0.485187
0.301839,0.0581908,0.180273,0.459698
0.280955,0.0600181,0.182576,0.476451
0.279809,0.053742,0.1706,0.495849
0.261074,0.0515907,0.180748,0.506587
0.300238,0.0655973,0.171729,0.462436
0.337499,0.0706231,0.153388,0.43849
0.330083,0.0721369,0.158587,0.439192
0.304169,0.0595765,0.161651,0.474603
0.306325,0.0643401,0.162994,0.466341
0.28622,0.0532631,0.167441,0.493075
0.248666,0.0516484,0.174346,0.52534
0.238307,0.0557679,0.184962,0.520963
0.243328,0.055534,0.176951,0.524187
0.262651,0.0524009,0.173871,0.511077
0.273558,0.0491866,0.171016,0.50624
0.308163,0.0570442,0.173462,0.461331
0.311969,0.0579042,0.167926,0.462201
0.325696,0.0709925,0.178474,0.424838
0.311216,0.0680216,0.158537,0.462226
0.307568,0.0588386,0.152841,0.480752
0.272028,0.0556471,0.15064,0.521685
0.277815,0.0529528,0.161587,0.507645
0.290985,0.0573724,0.150928,0.500714
0.288599,0.0483688,0.170302,0.49273
0.301636,0.0540493,0.161878,0.482437
0.323345,0.0538491,0.173962,0.448845
0.335091,0.0590931,0.165978,0.439838
0.331108,0.057537,0.174167,0.437189
0.32973,0.0555009,0.166811,0.447957
0.320341,0.0575458,0.153193,0.46892
0.284147,0.0554527,0.160069,0.500331
0.293294,0.0598205,0.178002,0.468884
0.304479,0.0543826,0.172752,0.468386
0.334958,0.0568075,0.183018,0.425217
0.312473,0.0527688,0.155561,0.479197
0.352091,0.0587855,0.152645,0.436478
0.34545,0.0573547,0.166051,0.431144
0.345823,0.0580089,0.151187,0.444981
0.321849,0.0517616,0.156914,0.469476
0.33907,0.0465663,0.158603,0.455761
0.301241,0.046771,0.158396,0.493592
0.297828,0.0454626,0.151445,0.505264
0.317682,0.0433839,0.151969,0.486965
0.325508,0.0490371,0.142957,0.482498
0.318834,0.0485341,0.157016,0.475616
0.30691,0.0449332,0.162414,0.485743
0.31846,0.0440169,0.171448,0.466076
0.310244,0.0441377,0.165696,0.479923
0.310554,0.0445253,0.176506,0.468414
0.313529,0.0445258,0.175817,0.466128
0.276256,0.0476101,0.183765,0.492369
0.304046,0.0477266,0.176648,0.471579
0.316348,0.0484093,0.163967,0.471276
0.324759,0.044407,0.16573,0.465104
0.310407,0.0498737,0.157293,0.482426
0.317462,0.0542355,0.15482,0.473483
0.330238,0.0523531,0.151836,0.465573
0.297482,0.0501021,0.162351,0.490065
0.285968,0.0475416,0.157354,0.509136
0.28483,0.0438116,0.160558,0.5108
0.296993,0.047195,0.178502,0.477311
0.30747,0.0504928,0.168739,0.473298
0.323322,0.0512347,0.15807,0.467373
0.306821,0.0508418,0.163928,0.478409
0.300741,0.0494819,0.152785,0.496992
0.288719,0.0587589,0.157081,0.495441
0.316863,0.0616663,0.156807,0.464663
0.345232,0.0626507,0.153741,0.438377
0.320666,0.0627013,0.158559,0.458073
0.333523,0.0683339,0.157485,0.440659
0.356525,0.072161,0.172687,0.398626
0.332568,0.0630451,0.169593,0.434795
0.300499,0.0603155,0.180726,0.458459
0.315347,0.0677687,0.171195,0.445689
0.3108,0.0681461,0.171176,0.449878
0.295118,0.0622054,0.173289,0.469387
0.28977,0.0579334,0.174178,0.478118
0.305774,0.0667016,0.182546,0.444978
0.297427,0.0720029,0.180165,0.450405
0.294953,0.0687381,0.174754,0.461555
0.30581,0.0681205,0.193404,0.432665
0.308425,0.0626511,0.18042,0.448504
0.30846,0.0740738,0.174562,0.442905
0.315488,0.0616229,0.169396,0.453493
0.296613,0.0615178,0.176832,0.465037
0.27669,0.0600895,0.184967,0.478254
0.287725,0.0622506,0.17573,0.474294
0.268788,0.0557057,0.184527,0.490979
0.271024,0.0591243,0.185003,0.484848
0.25796,0.0504922,0.177874,0.513673
0.276022,0.0542629,0.170724,0.49899
0.282621,0.0579895,0.172839,0.486551
0.270455,0.0545488,0.176757,0.49824
0.276665,0.0554319,0.180212,0.487691
0.258682,0.0492934,0.18375,0.508274
0.233825,0.0469396,0.190988,0.528247
0.226205,0.049296,0.18333,0.541169
0.257234,0.0611473,0.174572,0.507047
0.245893,0.0589678,0.177179,0.517961
0.252187,0.0602409,0.174803,0.512769
0.264897,0.0595296,0.180872,0.494701
0.27191,0.0672829,0.172656,0.488151
0.25202,0.0613581,0.188308,0.498313
0.262476,0.0616195,0.201804,0.4741
0.254819,0.0591444,0.201377,0.48466
0.250771,0.0636484,0.217992,0.467589
0.248059,0.0579945,0.202834,0.491113
0.251778,0.054955,0.203992,0.489275
0.236515,0.0509087,0.21392,0.498656
0.254848,0.0522965,0.190111,0.502745
0.285443,0.0623991,0.198965,0.453192
0.278394,0.0549118,0.195368,0.471326
0.251929,0.053033,0.205159,0.489879
0.277144,0.0583426,0.208003,0.45651
0.245911,0.0529573,0.207341,0.49379
0.269193,0.0569129,0.213746,0.460148
0.250612,0.0503397,0.220437,0.478611
0.263756,0.0530951,0.219255,0.463894
0.246406,0.0564617,0.228786,0.468346
0.258312,0.0555031,0.218219,0.467967
0.258427,0.057887,0.210698,0.472988
0.258574,0.0550824,0.213632,0.472711
0.268941,0.0600495,0.223867,0.447143
0.283467,0.0567387,0.229937,0.429857
0.300354,0.058583,0.205992,0.435071
0.304778,0.0613224,0.233933,0.399967
0.289723,0.064884,0.225301,0.420093
0.313183,0.0730098,0.204579,0.409229
0.289472,0.0745079,0.222381,0.41364
0.281462,0.0662682,0.191588,0.460682
0.287294,0.074768,0.202796,0.435142
0.297041,0.0752173,0.201429,0.426313
0.285956,0.0774237,0.202938,0.433682
0.289466,0.0702257,0.221887,0.418421
0.281251,0.0703935,0.197953,0.450402
0.300638,0.0747007,0.206302,0.41836
0.291456,0.0818063,0.217237,0.4095
0.28458,0.0829162,0.219013,0.41349
0.308799,0.0947,0.221554,0.374947
0.294703,0.0872928,0.216217,0.401787
0.285794,0.0909828,0.225928,0.397295
0.291169,0.0893639,0.226644,0.392824
0.288771,0.0779591,0.212842,0.420428
0.289398,0.0841654,0.226284,0.400153
0.276177,0.0783013,0.234183,0.411339
0.295034,0.0797366,0.239889,0.385341
0.292233,0.075141,0.231693,0.400933
0.294107,0.0711776,0.237269,0.397447
0.292533,0.084231,0.255171,0.368065
0.29502,0.0914991,0.25468,0.358801
0.305401,0.0958155,0.267056,0.331727
0.302735,0.0962715,0.258826,0.342168
0.31225,0.100136,0.263617,0.323996
0.310223,0.104831,0.260332,0.324613
0.316445,0.0976402,0.262789,0.323126
0.328512,0.101044,0.263382,0.307063
0.320131,0.0884644,0.261368,0.330036
0.322595,0.0920697,0.268837,0.316498
0.333716,0.091378,0.261109,0.313797
0.322208,0.0901703,0.269051,0.31857
0.329271,0.0988748,0.287371,0.284483
0.332428,0.100574,0.281333,0.285665
0.333297,0.10407,0.276573,0.28606
0.341589,0.102945,0.282732,0.272734
0.342721,0.092658,0.267157,0.297463
0.349558,0.0955346,0.283996,0.270911
0.354982,0.0916004,0.272768,0.28065
0.348206,0.0842593,0.270647,0.296888
0.359431,0.091175,0.260522,0.288872
0.356414,0.0861863,0.252087,0.305313
0.35558,0.0931645,0.26341,0.287846
0.348451,0.0844608,0.267237,0.299851
0.352917,0.0835029,0.270221,0.29336
0.356588,0.0872805,0.268695,0.287437
0.338986,0.0819626,0.274789,0.304263
0.348235,0.0861376,0.266426,0.299201
0.350114,0.0858339,0.267538,0.296514
0.358959,0.0954446,0.265548,0.280048
0.356778,0.0921004,0.266842,0.284279
0.351762,0.0834537,0.24935,0.315434
0.354871,0.0871803,0.27865,0.279299
0.350549,0.0805312,0.273486,0.295434
0.343574,0.0811574,0.271644,0.303625
0.333031,0.0821308,0.268963,0.315876
0.330826,0.0815766,0.241867,0.34573
0.332851,0.0886945,0.235057,0.343398
0.330756,0.0872655,0.253695,0.328284
0.309719,0.0750211,0.230334,0.384925
0.327573,0.0837987,0.240876,0.347752
0.341604,0.0777057,0.243838,0.336853
0.337843,0.0791401,0.231213,0.351804
0.341967,0.0816121,0.239282,0.337139
0.331521,0.082501,0.250802,0.335176
0.335022,0.0864385,0.247213,0.331326
0.324602,0.0908098,0.269103,0.315486
0.328959,0.0830412,0.250229,0.337771
0.340005,0.0850086,0.269863,0.305123
0.345663,0.0878806,0.269822,0.296634
0.35069,0.0860625,0.27453,0.288718
0.363037,0.0885622,0.259998,0.288403
0.363729,0.0919936,0.263696,0.280581
0.376333,0.0949796,0.259084,0.269603
0.378611,0.0945876,0.255004,0.271797
0.392491,0.102343,0.253966,0.2512
0.368663,0.0870067,0.268909,0.275421
0.378435,0.108889,0.265689,0.246987
0.390866,0.0966761,0.25748,0.254978
0.385008,0.0830869,0.253666,0.278239
0.387876,0.0827468,0.258869,0.270507
0.397181,0.0737588,0.234736,0.294324
0.418442,0.074571,0.221212,0.285775
0.396923,0.0687361,0.225843,0.308497
0.410842,0.0781029,0.214638,0.296416
0.401018,0.0795119,0.221659,0.297811
0.366398,0.0734857,0.233287,0.326829
0.352404,0.0681581,0.23827,0.341167
0.341666,0.073457,0.244735,0.340142
0.32329,0.0796292,0.257983,0.339098
0.324185,0.0756604,0.242564,0.35759
0.367509,0.0753221,0.205355,0.351814
0.359029,0.0684992,0.216288,0.356184
0.365848,0.0693667,0.196198,0.368588
0.358667,0.0687882,0.211283,0.361262
0.347583,0.0652799,0.210947,0.37619
0.347682,0.0642852,0.199322,0.38871
0.361366,0.0779724,0.203243,0.357418
0.358623,0.0648307,0.192217,0.384329
0.347136,0.0733894,0.209137,0.370337
0.34956,0.0735332,0.210819,0.366088
0.356613,0.0703083,0.203952,0.369126
0.338251,0.0742812,0.220354,0.367114
0.359124,0.0772667,0.214517,0.349092
0.362373,0.0781187,0.209971,0.349538
0.366866,0.0857913,0.211564,0.335779
0.37809,0.0830698,0.20223,0.33661
0.397579,0.0858376,0.184822,0.331762
0.381137,0.0867109,0.196135,0.336017
0.380632,0.0895301,0.198712,0.331127
0.379205,0.09402,0.215252,0.311523
0.364172,0.0896423,0.200358,0.345827
0.347379,0.0895124,0.220477,0.342632
0.367731,0.0964578,0.201147,0.334664
0.366904,0.0916866,0.204373,0.337037
0.389425,0.102811,0.205617,0.302147
0.363425,0.0834899,0.214812,0.338273
0.366916,0.0898903,0.21846,0.324734
0.36189,0.0767091,0.224663,0.336738
0.347307,0.0845423,0.224976,0.343175
0.340312,0.0794946,0.225448,0.354746
0.329628,0.0788677,0.233076,0.358429
0.313152,0.0743081,0.220039,0.392501
0.31675,0.0649704,0.21214,0.40614
0.33989,0.0735478,0.197689,0.388873
0.336985,0.0738954,0.209356,0.379764
0.34035,0.0767772,0.211025,0.371847
0.341649,0.0680934,0.189192,0.401065
0.33321,0.0593844,0.186645,0.420761
0.326388,0.0625622,0.185773,0.425278
0.307806,0.0570644,0.183872,0.451258
0.288658,0.0475631,0.181228,0.482551
0.281481,0.052821,0.199372,0.466327
0.295523,0.0513397,0.20357,0.449568
0.317551,0.0506248,0.216718,0.415105
0.340387,0.0563993,0.219619,0.383595
0.338826,0.0530881,0.207432,0.400654
0.321723,0.0570653,0.256568,0.364644
0.318785,0.0584694,0.248746,0.373999
0.32325,0.0609597,0.246609,0.369182
0.313991,0.0615798,0.253696,0.370733
0.308695,0.0564512,0.242848,0.392007
0.321633,0.0662344,0.229613,0.38252
0.31023,0.0612178,0.229085,0.399467
0.304552,0.0578338,0.252018,0.385595
0.338395,0.0640246,0.232986,0.364594
0.358467,0.0684551,0.234178,0.338899
0.364095,0.0619789,0.200794,0.373132
0.372271,0.0619073,0.197537,0.368285
0.353436,0.0521298,0.200035,0.3944
0.336363,0.0550291,0.216872,0.391736
0.305333,0.0582583,0.226394,0.410015
0.316569,0.0565717,0.250742,0.376117
0.332782,0.0573838,0.239768,0.370067
0.350283,0.0552355,0.231591,0.362891
0.35203,0.0565804,0.21809,0.373299
0.378765,0.0483489,0.18436,0.388526
0.353287,0.0522054,0.179438,0.41507
0.349643,0.0515934,0.187215,0.411549
0.351582,0.0549532,0.180048,0.413417
0.339259,0.0560335,0.195251,0.409457
0.340814,0.0514344,0.182437,0.425315
0.349771,0.0535943,0.1946,0.402035
0.360643,0.0569579,0.188904,0.393495
0.36766,0.0562004,0.158263,0.417877
0.360724,0.0550847,0.155344,0.428847
0.3518,0.0549248,0.164907,0.428369
0.353293,0.0598729,0.168565,0.418269
0.352516,0.0557102,0.152473,0.439301
0.33978,0.0609584,0.159423,0.439838
0.354269,0.067538,0.168678,0.409515
0.337274,0.0574605,0.175595,0.429671
0.366581,0.0590497,0.169203,0.405166
0.351924,0.0557517,0.167238,0.425087
0.335193,0.0557706,0.171989,0.437047
0.346367,0.0627493,0.161183,0.4297
0.351049,0.0602095,0.152799,0.435942
0.349423,0.064994,0.156637,0.428946
0.343256,0.0593973,0.157352,0.439994
0.357335,0.0565308,0.149156,0.436978
0.376973,0.0666995,0.155083,0.401244
0.348643,0.0696772,0.156679,0.425
0.371962,0.0712839,0.15879,0.397964
0.369778,0.0629786,0.145546,0.421697
0.360021,0.0588846,0.140151,0.440944
0.346854,0.0685723,0.171337,0.413236
0.359209,0.0648515,0.147316,0.428623
0.340878,0.0569023,0.173537,0.428683
0.332081,0.0607439,0.185517,0.421658
0.337399,0.0671923,0.186998,0.408411
0.361413,0.0673975,0.169811,0.401379
0.357291,0.0599244,0.192665,0.39012
0.337903,0.0627285,0.183293,0.416075
0.348724,0.0616818,0.169123,0.420472
0.334111,0.0691985,0.161686,0.435004
0.344347,0.0616936,0.171465,0.422495
0.331028,0.0590909,0.152905,0.456976
0.364055,0.0592827,0.156971,0.41969
0.388154,0.0679043,0.138691,0.405251
0.370551,0.069553,0.132233,0.427663
0.381895,0.0684633,0.131244,0.418398
0.378577,0.0603859,0.128098,0.432939
0.393377,0.0569144,0.116154,0.433555
0.364745,0.0542833,0.124363,0.456609
0.341584,0.0562184,0.140315,0.461882
0.358281,0.0567033,0.130752,0.454264
0.338223,0.0594359,0.132012,0.470329
0.327838,0.0683304,0.13589,0.467941
0.332906,0.0662431,0.131183,0.469669
0.346581,0.0646539,0.142257,0.446508
0.338242,0.0732917,0.135432,0.453034
0.370152,0.0822352,0.129111,0.418502
0.377274,0.0864732,0.129434,0.406819
0.345337,0.0763322,0.139135,0.439195
0.322828,0.0677129,0.148099,0.46136
0.31279,0.0611305,0.152035,0.474044
0.352358,0.0610751,0.143095,0.443473
0.353645,0.0688478,0.151374,0.426134
0.337379,0.0609852,0.164726,0.43691
0.358293,0.0549522,0.169708,0.417046
0.358978,0.0577874,0.173559,0.409675
0.316661,0.0533794,0.164051,0.465909
0.293534,0.0430233,0.161087,0.502356
0.287193,0.0414062,0.17824,0.493161
0.276952,0.046819,0.179523,0.496706
0.291714,0.0435498,0.184442,0.480294
0.293748,0.0451592,0.17566,0.485432
0.32804,0.0543219,0.198513,0.419126
0.318439,0.056612,0.190066,0.434883
0.293446,0.0455586,0.213526,0.44747
0.320541,0.0431727,0.187498,0.448788
0.313576,0.0442004,0.163417,0.478807
0.315792,0.0385186,0.168087,0.477603
0.307158,0.0491807,0.168205,0.475457
0.320277,0.0563228,0.158456,0.464944
0.306703,0.0519086,0.167781,0.473607
0.276345,0.0480482,0.171093,0.504514
0.322006,0.0549863,0.151199,0.471808
0.320367,0.0574345,0.150613,0.471585
0.304711,0.0535394,0.143418,0.498332
0.302231,0.0590929,0.136928,0.501748
0.301181,0.0640991,0.161864,0.472856
0.247774,0.0573738,0.15141,0.543442
0.279191,0.0706053,0.153516,0.496687
0.271549,0.0661753,0.144391,0.517884
0.278569,0.0724657,0.148664,0.500302
0.285428,0.0954429,0.146653,0.472476
0.306682,0.0880665,0.144264,0.460988
0.296717,0.0780606,0.143164,0.482058
0.291806,0.0715129,0.150115,0.486566
0.257894,0.0809328,0.143201,0.517971
0.261528,0.0776345,0.13361,0.527228
0.253736,0.0761523,0.144252,0.52586
0.266798,0.0694543,0.1326,0.531147
0.270082,0.0717711,0.137122,0.521024
0.285355,0.0748341,0.151805,0.488006
0.31855,0.0735779,0.150156,0.457716
0.30679,0.0774414,0.147605,0.468163
0.318592,0.0708732,0.144081,0.466453
0.313131,0.0663114,0.174113,0.446445
0.299565,0.0617197,0.157942,0.480773
0.306465,0.0558882,0.156842,0.480805
0.294483,0.0628119,0.157245,0.485461
0.297329,0.0531958,0.159495,0.48998
0.307656,0.0514525,0.173975,0.466917
0.315858,0.0481127,0.15795,0.47808
0.327673,0.0480071,0.159539,0.464781
0.321886,0.0460812,0.150919,0.481114
0.292594,0.0410729,0.163762,0.502572
0.298971,0.0444864,0.150406,0.506137
0.282283,0.0448877,0.170746,0.502084
0.23459,0.0392732,0.16361,0.562527
0.262363,0.0460737,0.153887,0.537676
0.272938,0.0504552,0.153867,0.52274
0.262982,0.0502868,0.153332,0.5334
0.248673,0.0468794,0.162484,0.541963
0.254283,0.0430332,0.161385,0.541299
0.240067,0.0439204,0.161629,0.554383
0.206584,0.0439599,0.141501,0.607954
0.211753,0.0459513,0.144699,0.597597
0.230748,0.0459448,0.146112,0.577195
0.221802,0.042651,0.158445,0.577102
0.234325,0.048059,0.144154,0.573461
0.256268,0.0443259,0.153495,0.545912
0.238767,0.0535916,0.150344,0.557298
0.230052,0.0505981,0.148372,0.570978
0.22229,0.0496161,0.157886,0.570209
0.237893,0.0480489,0.154543,0.559516
0.222691,0.055846,0.141794,0.579669
0.247798,0.0512147,0.169351,0.531636
0.26515,0.0477692,0.162621,0.524459
0.255524,0.0574667,0.15315,0.533859
0.25912,0.0452963,0.160134,0.53545
0.263938,0.0477407,0.159542,0.528779
0.272113,0.0471663,0.157677,0.523044
0.272692,0.0461043,0.172479,0.508725
0.267684,0.0458131,0.156236,0.530266
0.264171,0.0403247,0.160993,0.534512
0.29933,0.0472257,0.170187,0.483257
0.276313,0.0378126,0.176913,0.508962
0.285002,0.044371,0.160227,0.5104
0.286177,0.0429471,0.144963,0.525913
0.281214,0.0420926,0.157149,0.519544
0.282743,0.0414196,0.14974,0.526098
0.272498,0.0422666,0.161846,0.52339
0.252662,0.0379654,0.163325,0.546047
0.256622,0.0415955,0.171882,0.529901
0.270749,0.0423252,0.169124,0.517802
0.262466,0.0417825,0.170623,0.525128
0.249085,0.0406084,0.174039,0.536268
0.260144,0.0359998,0.171581,0.532275
0.244843,0.0367052,0.159264,0.559187
0.25035,0.0407578,0.173618,0.535274
0.232672,0.0352203,0.160612,0.571495
0.224251,0.0371296,0.176423,0.562196
0.23189,0.0360574,0.177054,0.554998
0.250577,0.0384209,0.174987,0.536015
0.245658,0.0405651,0.176636,0.537141
0.268274,0.0414555,0.161334,0.528936
0.278692,0.0410426,0.174277,0.505988
0.298697,0.0453633,0.15231,0.50363
0.269219,0.0431099,0.161983,0.525688
0.289741,0.0442577,0.153394,0.512607
0.246848,0.0412539,0.175165,0.536733
0.291534,0.04746,0.186368,0.474639
0.273848,0.0467844,0.176289,0.503079
0.282468,0.0505978,0.158078,0.508857
0.277268,0.0436159,0.145841,0.533275
0.325525,0.0511838,0.155128,0.468163
0.309135,0.0512589,0.146712,0.492895
0.317207,0.0493304,0.125781,0.507682
0.280636,0.0541839,0.14509,0.52009
0.281478,0.0467823,0.14476,0.52698
0.268106,0.0462733,0.131578,0.554042
0.308982,0.0525193,0.117377,0.521121
0.290555,0.0481334,0.116614,0.544698
0.294185,0.0465174,0.120334,0.538964
0.317861,0.0501062,0.140388,0.491644
0.329592,0.0548377,0.113744,0.501826
0.307787,0.0495412,0.128101,0.514572
0.322151,0.0476769,0.123642,0.50653
0.326224,0.0483999,0.124414,0.500962
0.302184,0.0511479,0.119487,0.527181
0.29506,0.0432492,0.123522,0.538169
0.293185,0.0373707,0.138614,0.53083
0.264965,0.0362734,0.133657,0.565105
0.261677,0.0342681,0.138583,0.565472
0.254557,0.0343209,0.137154,0.573968
0.254142,0.0385755,0.125744,0.581539
0.285933,0.0448836,0.140058,0.529126
0.286129,0.0406539,0.131336,0.541881
0.287559,0.0379056,0.144417,0.530118
0.283865,0.0359655,0.144728,0.535441
0.268707,0.0367707,0.140103,0.554419
0.30606,0.0376931,0.134373,0.521874
0.291248,0.035481,0.135867,0.537404
0.291409,0.0362439,0.132227,0.54012
0.285341,0.0362233,0.124184,0.554252
0.290199,0.0369757,0.121198,0.551628
0.289287,0.0366082,0.118638,0.555466
0.251367,0.0331128,0.145431,0.570089
0.267052,0.0363431,0.138512,0.558094
0.270026,0.0430364,0.165534,0.521404
0.271262,0.0357534,0.151331,0.541653
0.273226,0.0371359,0.165552,0.524086
0.266357,0.0371924,0.15701,0.539441
0.255037,0.0398419,0.15569,0.549431
0.269112,0.0412883,0.143194,0.546406
0.298044,0.0433106,0.158956,0.499689
0.293711,0.0525807,0.152515,0.501193
0.303387,0.0529408,0.157908,0.485763
0.279395,0.0471814,0.159344,0.514079
0.299322,0.049695,0.153592,0.497391
0.290284,0.0567167,0.163921,0.489078
0.271952,0.0486116,0.166495,0.512942
0.27849,0.0556417,0.156859,0.50901
0.276194,0.0493851,0.149606,0.524815
0.273484,0.0428542,0.171568,0.512094
0.261986,0.0471752,0.165673,0.525165
0.258919,0.0471798,0.170978,0.522923
0.277818,0.0514128,0.179582,0.491187
0.290543,0.0539793,0.185618,0.46986
0.292308,0.0605804,0.191826,0.455285
0.281935,0.0556077,0.189496,0.472961
0.297349,0.0612798,0.17424,0.467131
0.272703,0.0519842,0.191186,0.484126
0.262221,0.050648,0.209749,0.477382
0.240769,0.0422911,0.217153,0.499787
0.249455,0.0481522,0.204327,0.498066
0.243037,0.0440381,0.224443,0.488482
0.250783,0.0416697,0.207287,0.50026
0.280487,0.0499732,0.202841,0.466698
0.302847,0.0604987,0.185694,0.450961
0.285037,0.0466817,0.205544,0.462737
0.269495,0.0541726,0.192859,0.483473
0.256492,0.0488746,0.210316,0.484317
0.253444,0.0449486,0.200108,0.5015
0.234195,0.0406591,0.212007,0.513138
0.230814,0.0432934,0.177082,0.54881
0.233822,0.0450793,0.17003,0.551068
0.253641,0.0487136,0.163741,0.533905
0.26754,0.0486296,0.173202,0.510628
0.246126,0.0439635,0.188214,0.521696
0.252067,0.0510776,0.192153,0.504703
0.258422,0.0489909,0.174189,0.518398
0.262678,0.0510551,0.187381,0.498886
0.251213,0.0490533,0.17737,0.522364
0.267569,0.0521307,0.191618,0.488682
0.277556,0.0628094,0.198091,0.461544
0.270435,0.0608218,0.201086,0.467658
0.271811,0.0639231,0.19211,0.472155
0.259084,0.0624505,0.186507,0.491958
0.245173,0.0582662,0.188769,0.507792
0.241632,0.0610836,0.182624,0.51466
0.2303,0.0527625,0.19426,0.522677
0.22114,0.0544275,0.182207,0.542225
0.221363,0.058487,0.190969,0.529181
0.217796,0.0534026,0.208277,0.520524
0.221374,0.0508838,0.21422,0.513523
0.246069,0.0583749,0.205171,0.490386
0.261947,0.0544178,0.20998,0.473656
0.240253,0.05454,0.211635,0.493572
0.256843,0.062427,0.215939,0.464791
0.266187,0.0581843,0.225702,0.449927
0.275399,0.0657925,0.225394,0.433414
0.276826,0.0692999,0.232469,0.421405
0.293718,0.0723966,0.245303,0.388582
0.303281,0.0701191,0.202826,0.423774
0.287119,0.0646089,0.2091,0.439172
0.299613,0.0694388,0.201959,0.428989
0.312942,0.07247,0.211925,0.402662
0.310444,0.0724508,0.226493,0.390612
0.29424,0.0651023,0.247822,0.392835
0.295832,0.0641561,0.240244,0.399767
0.290543,0.0668754,0.249834,0.392748
0.284951,0.0570405,0.225294,0.432714
0.281035,0.0648049,0.214898,0.439262
0.297442,0.0628024,0.226057,0.413699
0.275523,0.0609715,0.228675,0.43483
0.291906,0.0611013,0.22967,0.417324
0.302531,0.0622538,0.210473,0.424742
0.288046,0.0662577,0.18009,0.465606
0.281854,0.0679072,0.181173,0.469066
0.294455,0.0729353,0.205988,0.426622
0.296023,0.0604328,0.185806,0.457738
0.279085,0.0585968,0.185174,0.477145
0.301679,0.0629858,0.167769,0.467566
0.317315,0.0585128,0.17422,0.449952
0.313433,0.0598172,0.189459,0.437291
0.296863,0.0569946,0.214221,0.431921
0.301782,0.0693578,0.193067,0.435793
0.287042,0.0659771,0.205892,0.441089
0.267709,0.0614843,0.190045,0.480761
0.270756,0.0632744,0.197919,0.468051
0.277244,0.068764,0.20027,0.453722
0.272822,0.0645029,0.200987,0.461688
0.282518,0.0760322,0.22635,0.4151
0.298951,0.0714134,0.210016,0.419619
0.286301,0.0656574,0.237585,0.410456
0.295462,0.0708221,0.225316,0.4084
0.301692,0.0662005,0.207936,0.424172
0.296033,0.0654713,0.207654,0.430842
0.312291,0.0701571,0.218505,0.399047
0.319356,0.0786875,0.219608,0.382348
0.310562,0.0732701,0.226231,0.389937
0.30326,0.0712764,0.234023,0.391441
0.303132,0.0667604,0.227198,0.40291
0.296245,0.0637335,0.229182,0.410839
0.309565,0.0663614,0.224168,0.399906
0.315791,0.0774915,0.221044,0.385673
0.319779,0.0762284,0.230494,0.373498
0.311365,0.0694407,0.245208,0.373986
0.307963,0.0661738,0.238972,0.386891
0.304799,0.0631854,0.240539,0.391476
0.321237,0.0764911,0.246394,0.355877
0.318133,0.0692297,0.250194,0.362443
0.332752,0.0840312,0.26528,0.317937
0.326395,0.0821241,0.256755,0.334726
0.342849,0.0837939,0.24799,0.325367
0.324097,0.0773439,0.259361,0.339198
0.309498,0.0704327,0.259878,0.360191
0.305626,0.0828491,0.258693,0.352832
0.308391,0.0889544,0.24356,0.359094
0.316259,0.0922419,0.248536,0.342963
0.311779,0.0866488,0.246183,0.355389
0.320277,0.0826408,0.228864,0.368218
0.3052,0.0831501,0.233349,0.378301
0.301947,0.0765154,0.24923,0.372308
0.307218,0.0838363,0.231279,0.377667
0.3096,0.0832202,0.234269,0.372911
0.305726,0.0817921,0.218878,0.393604
0.329948,0.0875161,0.206327,0.376209
0.331481,0.0876845,0.199027,0.381808
0.313716,0.0825829,0.212855,0.390846
0.320056,0.0911277,0.210453,0.378362
0.331784,0.0956699,0.217687,0.354859
0.331241,0.0916148,0.21063,0.366514
0.32522,0.0820806,0.210443,0.382257
0.334846,0.0742913,0.210962,0.379901
0.307759,0.0768305,0.208346,0.407064
