EUR=X,JPY=X,CHFUSD,GLD
0.372725,0.0592855,0.103511,0.464479
0.358966,0.0496475,0.104181,0.487206
0.353896,0.0526472,0.113935,0.479522
0.320429,0.0481687,0.104984,0.526418
0.332362,0.0449382,0.111545,0.511154
0.338957,0.0417656,0.110619,0.508659
0.314173,0.0373217,0.106376,0.542129
0.335948,0.0433924,0.117612,0.503048
0.32519,0.0416471,0.119743,0.51342
0.33468,0.0464368,0.137165,0.481719
0.331148,0.0429293,0.130312,0.495611
0.335438,0.0382163,0.135652,0.490694
0.305504,0.0362217,0.133977,0.524297
0.300671,0.0348937,0.131156,0.533279
0.29877,0.0341588,0.128546,0.538526
0.303747,0.0319376,0.136237,0.528079
0.276507,0.0315936,0.135691,0.556209
0.309022,0.0361811,0.13039,0.524407
0.31524,0.0361945,0.135909,0.512657
0.338082,0.0353421,0.123506,0.50307
0.32202,0.0347007,0.116051,0.527228
0.333953,0.0354535,0.126695,0.503898
0.326381,0.0390299,0.125264,0.509325
0.316864,0.0413066,0.121363,0.520466
0.30157,0.0448534,0.113224,0.540353
0.277371,0.0421514,0.114148,0.56633
0.261287,0.0406253,0.101823,0.596265
0.278263,0.0430819,0.0881619,0.590493
0.287338,0.0460962,0.0951853,0.571381
0.306502,0.0495372,0.0916125,0.552348
0.315867,0.0575608,0.0940205,0.532551
0.332716,0.0588198,0.0981984,0.510266
0.332627,0.073327,0.0986006,0.495446
0.31448,0.0806715,0.0942016,0.510647
0.300963,0.0810765,0.0986003,0.51936
0.314998,0.0882995,0.112005,0.484697
0.288819,0.0851553,0.104219,0.521806
0.294508,0.0836155,0.0979354,0.523941
0.301328,0.0792753,0.0938379,0.525559
0.293783,0.0821472,0.0958247,0.528245
0.276164,0.0738633,0.10528,0.544692
0.293787,0.0796438,0.0998882,0.526681
0.286389,0.0689782,0.105036,0.539597
0.295805,0.0680814,0.102802,0.533312
0.269713,0.0545426,0.109232,0.566512
0.300212,0.0588836,0.101037,0.539868
0.269624,0.0555797,0.10965,0.565146
0.253643,0.0443842,0.111377,0.590595
0.251895,0.0456987,0.113372,0.589034
0.247831,0.040334,0.101548,0.610288
0.241304,0.0389369,0.0968621,0.622897
0.260774,0.0357009,0.0975252,0.605999
0.27009,0.0372463,0.0978481,0.594816
0.247415,0.0336596,0.10041,0.618516
0.268444,0.0385617,0.108684,0.58431
0.254524,0.0338943,0.11237,0.599212
0.236341,0.031141,0.12557,0.606948
0.218179,0.0287541,0.125164,0.627903
0.213799,0.0266417,0.119919,0.639641
0.207422,0.0265588,0.117121,0.648898
0.204361,0.0287926,0.110876,0.65597
0.221042,0.0288554,0.107111,0.642992
0.23296,0.0333571,0.117722,0.615961
0.230283,0.0335966,0.119387,0.616734
0.253499,0.0370579,0.12982,0.579623
0.230772,0.0397891,0.12605,0.603389
0.23272,0.0382508,0.117509,0.61152
0.237962,0.0410432,0.111713,0.609282
0.237935,0.0391075,0.115929,0.607028
0.234224,0.0372365,0.124944,0.603595
0.228664,0.0319284,0.133068,0.60634
0.235779,0.0342711,0.138139,0.59181
0.238756,0.0371961,0.147788,0.576259
0.234014,0.0442711,0.151755,0.569961
0.240479,0.0400518,0.129918,0.589551
0.244495,0.0357119,0.120877,0.598917
0.239624,0.0345002,0.139387,0.586488
0.23882,0.0327175,0.141401,0.587061
0.232318,0.0350584,0.15493,0.577694
0.243372,0.036362,0.146883,0.573383
0.258929,0.0438839,0.138985,0.558203
0.251717,0.0393859,0.136888,0.572009
0.235399,0.0329759,0.123171,0.608454
0.244987,0.0344774,0.128787,0.591748
0.269531,0.0395279,0.130774,0.560167
0.260961,0.0341601,0.15315,0.55173
0.264721,0.0322965,0.141041,0.561942
0.280245,0.0359508,0.142839,0.540965
0.297378,0.0376712,0.150384,0.514567
0.286825,0.0347322,0.154918,0.523525
0.282421,0.0364537,0.145234,0.535891
0.267553,0.0323966,0.135675,0.564376
0.255517,0.0297747,0.134569,0.580139
0.26323,0.0316855,0.13795,0.567134
0.255918,0.0303069,0.133192,0.580583
0.250337,0.0294302,0.138943,0.581289
0.242735,0.0305712,0.134973,0.59172
0.251762,0.0306026,0.12584,0.591796
0.265597,0.0314323,0.125102,0.577869
0.266847,0.0298735,0.104239,0.59904
0.275814,0.0267741,0.111492,0.58592
0.255706,0.0277811,0.105144,0.611369
0.247904,0.0277445,0.110822,0.61353
0.255743,0.0285638,0.098757,0.616937
0.261795,0.03122,0.106385,0.6006
0.267214,0.0321019,0.101921,0.598763
0.285885,0.0306237,0.0964449,0.587046
0.278648,0.0294092,0.0965527,0.59539
0.292029,0.0315505,0.104254,0.572167
0.302501,0.0368625,0.0935732,0.567063
0.302228,0.0387287,0.102741,0.556302
0.296907,0.0435356,0.106349,0.553208
0.318465,0.0467192,0.102732,0.532084
0.296026,0.0417284,0.0950909,0.567154
0.29007,0.0382367,0.0879357,0.583757
0.305967,0.0404557,0.0891217,0.564456
0.316501,0.0422765,0.0977906,0.543431
0.319432,0.0434316,0.0968037,0.540332
0.307135,0.0394946,0.0950485,0.558322
0.311816,0.0385814,0.0994182,0.550184
0.311322,0.0418764,0.100434,0.546367
0.306497,0.0373726,0.0940785,0.562052
0.299862,0.0326853,0.0941184,0.573334
0.268529,0.0343321,0.0964999,0.600639
0.271402,0.03509,0.0948739,0.598634
0.259325,0.0326767,0.0970106,0.610988
0.266774,0.0333552,0.10625,0.593621
0.259533,0.031232,0.11546,0.593776
0.259806,0.0299419,0.0964475,0.613804
0.24899,0.0291277,0.0884458,0.633436
0.236503,0.0279246,0.0928225,0.64275
0.235963,0.0265342,0.0946697,0.642833
0.216523,0.0266001,0.0962306,0.660646
0.203717,0.0278513,0.096655,0.671777
0.21711,0.0271947,0.0972131,0.658482
0.21531,0.0264321,0.0863448,0.671913
0.216774,0.0249461,0.0834464,0.674833
0.244543,0.0295077,0.0870831,0.638866
0.260162,0.032408,0.0969211,0.610509
0.243991,0.0331266,0.0949518,0.62793
0.257298,0.0360387,0.109238,0.597426
0.274004,0.0414327,0.11439,0.570173
0.262735,0.0384387,0.118673,0.580153
0.283178,0.0429854,0.12353,0.550307
0.276152,0.0445535,0.126303,0.552992
0.265833,0.0420738,0.128119,0.563974
0.257021,0.0427444,0.141009,0.559225
0.270363,0.0493165,0.131986,0.548335
0.281725,0.0506452,0.136323,0.531307
0.276841,0.0475981,0.144035,0.531526
0.309434,0.0606874,0.137987,0.491892
0.289077,0.0565376,0.133996,0.52039
0.279288,0.0475361,0.137694,0.535482
0.294262,0.0534252,0.129785,0.522528
0.295194,0.0520791,0.124362,0.528366
0.29844,0.0499366,0.134257,0.517366
0.274416,0.0458131,0.140358,0.539413
0.263521,0.0464504,0.134926,0.555102
0.298942,0.0475437,0.13518,0.518334
0.284866,0.0466333,0.137696,0.530805
0.28588,0.0462847,0.140305,0.52753
0.278172,0.0381352,0.137448,0.546244
0.279509,0.0394916,0.129882,0.551117
0.271982,0.0406635,0.148215,0.53914
0.270903,0.0388284,0.148145,0.542123
0.269396,0.0354763,0.150773,0.544354
0.244412,0.0327945,0.162707,0.560086
0.241526,0.0319221,0.157624,0.568928
0.22578,0.0267073,0.161607,0.585906
0.209536,0.0291754,0.149364,0.611924
0.190471,0.0254957,0.13715,0.646883
0.203434,0.0248319,0.152162,0.619572
0.214873,0.0262772,0.152524,0.606325
0.192494,0.0221645,0.152372,0.63297
0.203253,0.0235423,0.156623,0.616581
0.189908,0.0239383,0.141452,0.644702
0.213469,0.0340345,0.153192,0.599305
0.208783,0.0294593,0.147246,0.614511
0.201537,0.0292641,0.154868,0.61433
0.191786,0.0311898,0.163677,0.613348
0.192523,0.0294668,0.165473,0.612538
0.214991,0.032657,0.159915,0.592436
0.230003,0.0332139,0.168574,0.56821
0.21584,0.0358418,0.160145,0.588173
0.227501,0.0373239,0.152485,0.58269
0.200331,0.0383424,0.133099,0.628227
0.193076,0.0338254,0.125377,0.647721
0.196112,0.0374237,0.138852,0.627612
0.217269,0.0402896,0.140308,0.602133
0.216403,0.0433923,0.14174,0.598465
0.232765,0.0395062,0.149987,0.577741
0.219661,0.0347552,0.139834,0.60575
0.256482,0.0407559,0.155159,0.547603
0.234605,0.0383235,0.15076,0.576311
0.236469,0.0368452,0.170156,0.556529
0.253463,0.0411293,0.174776,0.530631
0.237146,0.0347954,0.194251,0.533808
0.234764,0.0314868,0.152002,0.581747
0.266513,0.0340636,0.190224,0.5092
0.264494,0.0348232,0.17222,0.528463
0.270215,0.0362186,0.158711,0.534855
0.265492,0.0409126,0.1697,0.523895
0.270358,0.0332388,0.175952,0.520451
0.264053,0.037156,0.17317,0.525621
0.277258,0.0373409,0.185733,0.499669
0.281734,0.0371471,0.169195,0.511924
0.258662,0.035734,0.179903,0.525701
0.243315,0.0357949,0.183275,0.537615
0.277185,0.0369547,0.179631,0.506229
0.259209,0.0340649,0.198143,0.508583
0.257101,0.0328274,0.193224,0.516848
0.265872,0.0360682,0.200992,0.497068
0.276049,0.039681,0.185662,0.498608
0.23588,0.0368897,0.198763,0.528466
0.265902,0.0465594,0.198371,0.489168
0.2614,0.0469626,0.185576,0.506061
0.259743,0.0458012,0.205303,0.489153
0.239985,0.0485844,0.203559,0.507871
0.262985,0.0500888,0.190988,0.495938
0.260561,0.051781,0.196867,0.490791
0.254214,0.050023,0.190474,0.505289
0.263705,0.0506006,0.20005,0.485644
0.255359,0.0516815,0.18355,0.509409
0.241947,0.0542636,0.185233,0.518555
0.253705,0.0583625,0.182941,0.504991
0.249687,0.062212,0.183978,0.504123
0.275515,0.0717119,0.184286,0.468487
0.263152,0.066102,0.179271,0.491475
0.283255,0.0651005,0.183025,0.468619
0.276732,0.0600849,0.201284,0.461898
0.273136,0.0560649,0.203185,0.467614
0.274996,0.0603413,0.200889,0.463774
0.302005,0.0641754,0.210732,0.423088
0.285021,0.0614408,0.208545,0.444994
0.286577,0.0655572,0.210349,0.437517
0.288105,0.0617747,0.20987,0.440251
0.298921,0.0655422,0.195341,0.440196
0.296825,0.0617665,0.191924,0.449484
0.328543,0.0650578,0.189983,0.416416
0.352652,0.0731151,0.202416,0.371817
0.34061,0.0710974,0.21483,0.373463
0.319099,0.0679674,0.223373,0.389561
0.339286,0.0703414,0.211185,0.379188
0.333153,0.0748577,0.228184,0.363805
0.339986,0.0816687,0.233839,0.344506
0.348635,0.0851437,0.231395,0.334827
0.335241,0.0796214,0.233989,0.351149
0.328444,0.078301,0.23567,0.357585
0.341756,0.0667344,0.224337,0.367173
0.345237,0.0732704,0.216097,0.365396
0.34704,0.0775583,0.222342,0.35306
0.338938,0.0761009,0.230056,0.354905
0.341121,0.0809593,0.214641,0.363279
0.305575,0.0718407,0.217608,0.404976
0.288782,0.0658911,0.225874,0.419453
0.273641,0.0633741,0.223974,0.439011
0.282916,0.0678886,0.229115,0.420081
0.264754,0.0657842,0.218724,0.450738
0.285065,0.0634038,0.208551,0.442979
0.286414,0.063762,0.212557,0.437267
0.284227,0.0569531,0.200557,0.458263
0.290356,0.0606337,0.189333,0.459678
0.276781,0.0567701,0.212123,0.454326
0.270452,0.0613704,0.224291,0.443887
0.274042,0.0608613,0.23344,0.431657
0.276391,0.0624567,0.238049,0.423103
0.292065,0.062335,0.2311,0.414499
0.296813,0.0655818,0.237572,0.400033
0.299568,0.0649823,0.222315,0.413135
0.317108,0.066879,0.214436,0.401577
0.306693,0.0630334,0.232005,0.398269
0.294691,0.0570775,0.254008,0.394223
0.315799,0.0636683,0.248356,0.372177
0.301663,0.0569244,0.241279,0.400133
0.317347,0.0687129,0.236052,0.377888
0.327114,0.0688697,0.212412,0.391604
0.327694,0.0678843,0.206342,0.39808
0.315111,0.0571889,0.208844,0.418856
0.322638,0.0565253,0.203988,0.416849
0.315203,0.0586399,0.214926,0.411231
0.309789,0.0612747,0.223811,0.405125
0.317744,0.0642072,0.232593,0.385456
0.316395,0.0611856,0.233152,0.389268
0.325398,0.066317,0.232131,0.376155
0.327982,0.0626093,0.226297,0.383112
0.295429,0.0529913,0.226633,0.424946
0.299341,0.0527049,0.207993,0.439961
0.311321,0.04859,0.194227,0.445862
0.310876,0.0526476,0.203663,0.432814
0.330453,0.0525441,0.185104,0.431899
0.339152,0.0512853,0.183503,0.42606
0.352495,0.0546655,0.176483,0.416356
0.341887,0.0572568,0.189471,0.411385
0.346307,0.0533787,0.176163,0.424151
0.329147,0.0500036,0.178397,0.442453
0.322456,0.0532243,0.196185,0.428135
0.329917,0.0555339,0.181666,0.432884
0.310531,0.0587917,0.177936,0.452741
0.326369,0.0539251,0.159963,0.459743
0.318284,0.0556586,0.157437,0.46862
0.360106,0.0598584,0.142539,0.437496
0.35444,0.053739,0.142666,0.449156
0.363788,0.0509431,0.139286,0.445983
0.358223,0.0523182,0.144525,0.444935
0.367501,0.0542773,0.16116,0.417062
0.342311,0.0593567,0.159366,0.438966
0.323191,0.054466,0.145245,0.477098
0.322005,0.0603551,0.148822,0.468818
0.325659,0.0585727,0.142774,0.472994
0.319045,0.0588556,0.147023,0.475076
0.339759,0.0614135,0.148398,0.45043
0.35957,0.0630541,0.138655,0.438721
0.378151,0.0659264,0.147422,0.4085
0.38325,0.0640123,0.140618,0.41212
0.386901,0.0647371,0.138098,0.410264
0.381571,0.0579316,0.135596,0.424902
0.34781,0.0520597,0.140864,0.459267
0.340049,0.0566908,0.166895,0.436365
0.314419,0.0584073,0.174234,0.452939
0.318285,0.0628353,0.169069,0.44981
0.333721,0.0665951,0.171211,0.428473
0.335144,0.0592054,0.152653,0.452997
0.365483,0.0681939,0.148999,0.417324
0.36766,0.0718691,0.151946,0.408524
0.380154,0.0698617,0.144026,0.405959
0.388893,0.0618545,0.150483,0.398769
0.346996,0.0614109,0.14676,0.444834
0.341283,0.0629358,0.138588,0.457193
0.365743,0.0665894,0.134886,0.432782
0.347673,0.0644964,0.140518,0.447312
0.361854,0.0706164,0.133857,0.433673
0.361441,0.0728227,0.143476,0.42226
0.377985,0.0713492,0.134015,0.416651
0.342588,0.0555783,0.148274,0.45356
0.335822,0.0573613,0.142926,0.46389
0.340352,0.0562654,0.146346,0.457037
0.349484,0.0655845,0.158392,0.426539
0.332279,0.0615911,0.153999,0.45213
0.348772,0.0598365,0.133871,0.45752
0.346447,0.062981,0.133297,0.457275
0.34508,0.0626116,0.134328,0.45798
0.358148,0.0693306,0.130385,0.442136
0.362416,0.0663645,0.126007,0.445213
0.361526,0.0707789,0.137227,0.430467
0.349494,0.0636077,0.123262,0.463636
0.352646,0.0620919,0.121633,0.46363
0.347672,0.056814,0.134504,0.461009
0.31392,0.0503747,0.135927,0.499778
0.308713,0.0537927,0.140523,0.496971
0.299887,0.0607996,0.151757,0.487556
0.284874,0.0540128,0.133861,0.527252
0.277601,0.0484889,0.144732,0.529178
0.292299,0.0489559,0.132895,0.52585
0.292385,0.0501266,0.131859,0.52563
0.27083,0.0492797,0.139157,0.540733
0.275025,0.0512425,0.129566,0.544166
0.282904,0.0482009,0.144116,0.52478
0.264047,0.0420468,0.152367,0.541538
0.239711,0.0402432,0.121096,0.59895
0.237571,0.0380997,0.126614,0.597716
0.229217,0.0366513,0.118888,0.615244
0.22223,0.0410623,0.125518,0.61119
0.240936,0.0395593,0.134067,0.585438
0.235993,0.0392623,0.136727,0.588017
0.232438,0.0372153,0.149603,0.580743
0.249913,0.0408915,0.152043,0.557153
0.257243,0.0460248,0.142036,0.554696
0.271496,0.0496711,0.158471,0.520363
0.245503,0.0455975,0.158547,0.550352
0.25085,0.0479979,0.15486,0.546293
0.238447,0.0459601,0.155882,0.559712
0.193845,0.0424922,0.162126,0.601536
0.224324,0.0489926,0.164781,0.561903
0.215359,0.044414,0.16701,0.573217
0.228748,0.0591324,0.17454,0.537579
0.276106,0.0661649,0.173312,0.484417
0.278086,0.0655044,0.164262,0.492147
0.288162,0.0660684,0.151201,0.494569
0.295836,0.0590731,0.166111,0.47898
0.308916,0.0637597,0.172782,0.454543
0.290864,0.0561273,0.165199,0.487809
0.25703,0.0484187,0.178088,0.516464
0.242553,0.0513289,0.163931,0.542187
0.269481,0.0535175,0.163303,0.513699
0.25078,0.0490857,0.169736,0.530398
0.256114,0.0477861,0.16144,0.53466
0.269548,0.0464317,0.159828,0.524192
0.257277,0.0490581,0.147955,0.54571
0.274526,0.0594363,0.14706,0.518978
0.263524,0.0586283,0.150172,0.527675
0.265165,0.0594879,0.145276,0.530072
0.271628,0.0711127,0.165141,0.492118
0.264207,0.0657269,0.162961,0.507105
0.273673,0.0674714,0.164416,0.49444
0.290823,0.0650627,0.174014,0.470101
0.27874,0.0571659,0.152401,0.511692
0.301501,0.0584697,0.157501,0.482528
0.310188,0.0561693,0.159002,0.474641
0.288203,0.0534436,0.149778,0.508576
0.281263,0.0630023,0.147752,0.507983
0.289514,0.0555847,0.142949,0.511952
0.268872,0.058727,0.153395,0.519006
0.253409,0.0606379,0.157786,0.528167
0.25697,0.0526304,0.157747,0.532652
0.267295,0.0545122,0.167437,0.510755
0.263491,0.0528813,0.151939,0.531688
0.279017,0.055031,0.166427,0.499525
0.288067,0.0526771,0.162629,0.496628
0.271726,0.0513306,0.134566,0.542378
0.261623,0.04952,0.169754,0.519103
0.260056,0.044968,0.162127,0.53285
0.270069,0.0571805,0.162325,0.510426
0.24929,0.0518395,0.145185,0.553685
0.292035,0.0579467,0.160959,0.489059
0.309134,0.0568488,0.166527,0.46749
0.297534,0.0517524,0.1626,0.488114
0.321493,0.0567811,0.152951,0.468775
0.320628,0.0594769,0.16136,0.458535
0.297662,0.0587364,0.188956,0.454645
0.312026,0.0625005,0.189426,0.436047
0.31938,0.0579411,0.194633,0.428046
0.326258,0.0583845,0.182501,0.432857
0.298164,0.052175,0.186001,0.46366
0.317208,0.0571096,0.173452,0.452231
0.306742,0.055545,0.17477,0.462943
0.283302,0.0510935,0.173204,0.492401
0.275581,0.0539813,0.186971,0.483467
0.288311,0.0548387,0.162693,0.494157
0.275232,0.0453286,0.179882,0.499557
0.250732,0.0412126,0.172886,0.535169
0.273499,0.0459986,0.169043,0.51146
0.267932,0.0408537,0.16997,0.521245
0.283858,0.0483387,0.165694,0.502109
0.307886,0.046857,0.152973,0.492284
0.303911,0.0462075,0.146034,0.503848
0.261596,0.0419334,0.1355,0.560971
0.248625,0.0396635,0.148695,0.563016
0.230452,0.0433178,0.13946,0.58677
0.234168,0.0451942,0.134559,0.586078
0.24053,0.0505863,0.13907,0.569814
0.26205,0.0511362,0.125663,0.56115
0.280528,0.0515495,0.154763,0.513159
0.295195,0.0546477,0.157053,0.493103
0.270693,0.0597802,0.164184,0.505342
0.301476,0.0636121,0.159992,0.47492
0.282807,0.0634512,0.162838,0.490903
0.291542,0.0621603,0.174784,0.471514
0.265297,0.0539896,0.175374,0.50534
0.280277,0.059687,0.152211,0.507825
0.30368,0.065632,0.144108,0.48658
0.302124,0.0707528,0.134849,0.492274
0.333435,0.0773762,0.148363,0.440826
0.325262,0.0707888,0.140691,0.463259
0.29636,0.0601199,0.136282,0.507238
0.286362,0.0590392,0.145729,0.50887
0.268466,0.0551813,0.15931,0.517043
0.269876,0.0577429,0.168632,0.503749
0.263966,0.0518211,0.1758,0.508413
0.260088,0.0448254,0.169752,0.525335
0.276422,0.0450489,0.171154,0.507375
0.27951,0.0411851,0.166834,0.512471
0.304754,0.0499781,0.163612,0.481656
0.312822,0.0583374,0.167065,0.461776
0.304911,0.0613894,0.174455,0.459245
0.283348,0.0601606,0.184188,0.472304
0.273232,0.0548156,0.179055,0.492898
0.273243,0.0533128,0.173902,0.499542
0.305641,0.0694499,0.170149,0.45476
0.32897,0.0746336,0.159885,0.436511
0.340221,0.0708254,0.151497,0.437456
0.3087,0.0603856,0.159378,0.471536
0.295739,0.0621404,0.158204,0.483916
0.281434,0.0554154,0.177651,0.4855
0.249149,0.0569188,0.17109,0.522842
0.227177,0.0523845,0.18713,0.533309
0.245296,0.0613478,0.185281,0.508075
0.262731,0.0520017,0.177552,0.507716
0.262429,0.0463394,0.171758,0.519474
0.301298,0.0566883,0.175506,0.466507
0.322799,0.059673,0.166378,0.45115
0.321531,0.069979,0.177575,0.430915
0.312401,0.0694561,0.159476,0.458667
0.310433,0.0592098,0.155681,0.474676
0.274138,0.0566831,0.158378,0.510801
0.27869,0.0555993,0.163887,0.501823
0.284477,0.0557061,0.162852,0.496964
0.313185,0.0564301,0.157812,0.472573
0.297663,0.055212,0.169085,0.478041
0.335082,0.0533464,0.167589,0.443983
0.327252,0.0569339,0.160821,0.454993
0.335215,0.0584617,0.165482,0.440841
0.311799,0.0580447,0.165097,0.465059
0.321318,0.0615733,0.1498,0.467309
0.292003,0.0593254,0.161061,0.487611
0.293714,0.0619074,0.177396,0.466983
0.296803,0.0554523,0.178609,0.469135
0.330814,0.0587796,0.17552,0.434887
0.326114,0.0545932,0.15639,0.462903
0.332391,0.0588777,0.159324,0.449407
0.351849,0.0580918,0.151841,0.438218
0.34207,0.0583336,0.15625,0.443347
0.320131,0.0510546,0.156726,0.472088
0.331076,0.0478807,0.153936,0.467107
0.309852,0.0493629,0.165498,0.475287
0.295919,0.0464545,0.140546,0.51708
0.320707,0.0480855,0.152253,0.478954
0.331049,0.0477811,0.149582,0.471589
0.316199,0.0463043,0.160174,0.477323
0.297357,0.0471073,0.168068,0.487468
0.310257,0.0432796,0.181592,0.464871
0.300532,0.0468237,0.1653,0.487344
0.316489,0.0448665,0.174442,0.464202
0.304148,0.045976,0.170765,0.47911
0.296254,0.0463705,0.17951,0.477866
0.29631,0.0485579,0.175877,0.479255
0.317349,0.0496116,0.165495,0.467545
0.32821,0.0466449,0.16315,0.461995
0.319074,0.0523135,0.155384,0.473228
0.308641,0.0533497,0.161482,0.476527
0.320143,0.0547179,0.158746,0.466392
0.294258,0.0492986,0.156742,0.499701
0.283016,0.0513424,0.159087,0.506554
0.286256,0.0411418,0.158239,0.514363
0.288168,0.0462702,0.173629,0.491932
0.30095,0.0503902,0.166754,0.481906
0.333038,0.0549894,0.15599,0.455982
0.319387,0.0569815,0.160417,0.463214
0.294468,0.0504092,0.16111,0.494013
0.283775,0.058777,0.168709,0.488739
0.320922,0.0602523,0.156731,0.462095
0.340645,0.0612565,0.164146,0.433952
0.324586,0.0601108,0.159,0.456303
0.339022,0.0689068,0.157318,0.434754
0.350217,0.0704578,0.175659,0.403666
0.32795,0.0669024,0.175249,0.429898
0.308148,0.0608577,0.178942,0.452053
0.304836,0.0627523,0.172033,0.460378
0.311254,0.0690396,0.176296,0.443411
0.297977,0.0608962,0.178903,0.462224
0.301047,0.0610103,0.17693,0.461012
0.316943,0.0714605,0.180888,0.430708
0.297135,0.074783,0.177157,0.450925
0.282706,0.0632426,0.172606,0.481445
0.306049,0.0694036,0.193811,0.430737
0.303043,0.0622571,0.170742,0.463957
0.303073,0.0666775,0.174616,0.455633
0.309034,0.0613362,0.169917,0.459713
0.301181,0.0634804,0.177407,0.457931
0.27849,0.0602655,0.184641,0.476604
0.295239,0.065846,0.177768,0.461146
0.271332,0.0554839,0.17458,0.498604
0.275076,0.0616745,0.184263,0.478987
0.260088,0.0523814,0.176033,0.511498
0.268287,0.0547147,0.169668,0.50733
0.28091,0.0558801,0.174773,0.488438
0.272603,0.05768,0.176684,0.493033
0.270335,0.0537038,0.173877,0.502084
0.263467,0.0505455,0.179111,0.506877
0.236336,0.0492088,0.196451,0.518004
0.230514,0.0503858,0.183196,0.535904
0.254912,0.0600899,0.177408,0.50759
0.261007,0.0590746,0.179911,0.500008
0.255771,0.0600383,0.189071,0.495119
0.262681,0.0615106,0.179673,0.496135
0.257346,0.0633959,0.181378,0.49788
0.256463,0.0636667,0.18997,0.4899
0.265691,0.067038,0.204947,0.462324
0.250106,0.0616579,0.192739,0.495497
0.270956,0.0717455,0.215079,0.44222
0.255175,0.060953,0.206224,0.477649
0.250351,0.0586635,0.206694,0.484291
0.235735,0.0521632,0.202176,0.509926
0.255103,0.0548813,0.197401,0.492615
0.273521,0.0592752,0.207354,0.459849
0.281974,0.0597936,0.201279,0.456954
0.254978,0.0545526,0.203119,0.487351
0.267258,0.0556189,0.211909,0.465214
0.241561,0.0515489,0.214345,0.492545
0.277334,0.0591975,0.209214,0.454254
0.246402,0.0527984,0.224026,0.476773
0.267913,0.0535552,0.221939,0.456593
0.241604,0.055946,0.240124,0.462326
0.268003,0.0574397,0.210438,0.464119
0.249129,0.0567616,0.225327,0.468782
0.268666,0.0588295,0.213688,0.458817
0.266281,0.0616858,0.22747,0.444563
0.288413,0.05716,0.230181,0.424246
0.295377,0.0603173,0.216499,0.427807
0.303935,0.064028,0.23504,0.396996
0.291813,0.0657893,0.232147,0.41025
0.317789,0.0726136,0.198979,0.410618
0.301802,0.0721345,0.213585,0.412478
0.286164,0.0699035,0.190572,0.453361
0.294235,0.0726737,0.197753,0.435338
0.305229,0.0765486,0.197574,0.420648
0.285192,0.075196,0.196382,0.44323
0.286538,0.071749,0.219193,0.42252
0.283433,0.0719959,0.198202,0.44637
0.296338,0.0753261,0.207915,0.420421
0.295033,0.0815353,0.227312,0.396119
0.285155,0.0889532,0.220628,0.405264
0.308124,0.0993647,0.224313,0.368199
0.280944,0.0883581,0.228035,0.402663
0.295346,0.0973912,0.229953,0.37731
0.280544,0.0901319,0.232889,0.396434
0.275133,0.0802166,0.220704,0.423946
0.288978,0.0864452,0.224873,0.399704
0.2863,0.0790202,0.230652,0.404028
0.292589,0.0823939,0.238102,0.386915
0.28908,0.0805952,0.231958,0.398368
0.290398,0.0735061,0.23633,0.399766
0.287109,0.0817358,0.256669,0.374487
0.302222,0.0921423,0.25629,0.349345
0.307478,0.0968268,0.267727,0.327968
0.303859,0.102136,0.263628,0.330377
0.313576,0.10117,0.261458,0.323797
0.321383,0.107137,0.263681,0.307799
0.319666,0.100147,0.267793,0.312394
0.329749,0.102178,0.261482,0.30659
0.317062,0.0965048,0.264684,0.321749
0.322469,0.0915323,0.268898,0.317101
0.335109,0.0932872,0.262433,0.30917
0.331947,0.0975002,0.263913,0.306641
0.332861,0.0985919,0.286333,0.282214
0.33733,0.108265,0.283532,0.270873
0.335982,0.105277,0.277143,0.281598
0.342275,0.0958375,0.278516,0.283372
0.345368,0.0912341,0.267742,0.295656
0.346006,0.0952674,0.28429,0.274437
0.353314,0.0927374,0.279785,0.274164
0.356142,0.0871473,0.268568,0.288142
0.356891,0.0949173,0.268076,0.280116
0.361877,0.0877608,0.254651,0.295712
0.363695,0.0911028,0.261129,0.284073
0.355733,0.0845165,0.264788,0.294962
0.359728,0.0848825,0.270101,0.285289
0.346941,0.0858588,0.267028,0.300172
0.33813,0.084755,0.285901,0.291215
0.352916,0.0882254,0.276276,0.282582
0.349824,0.0924858,0.287005,0.270685
0.363016,0.0949995,0.268907,0.273078
0.352364,0.0926393,0.269263,0.285733
0.356417,0.0851967,0.252792,0.305594
0.359833,0.0879577,0.27987,0.272339
0.355554,0.0850134,0.275764,0.283669
0.341581,0.0807903,0.27008,0.307549
0.343052,0.080767,0.25831,0.317871
0.327964,0.0784194,0.235039,0.358578
0.330956,0.0820487,0.242487,0.344508
0.334997,0.0901437,0.254003,0.320856
0.311664,0.07793,0.236158,0.374248
0.334691,0.083339,0.240118,0.341852
0.335203,0.0785386,0.246727,0.339531
0.335561,0.0795446,0.228496,0.356399
0.34394,0.0893751,0.245394,0.321291
0.323856,0.0782395,0.247203,0.350702
0.339438,0.0865746,0.256838,0.317149
0.329836,0.0876618,0.267267,0.315236
0.318973,0.0809277,0.268027,0.332072
0.348712,0.0890191,0.277283,0.284985
0.350589,0.0878819,0.265566,0.295963
0.35779,0.0885354,0.275163,0.278512
0.364379,0.0863241,0.261892,0.287405
0.369071,0.0908943,0.264166,0.275869
0.376572,0.0986016,0.26082,0.264007
0.371796,0.0946042,0.262773,0.270827
0.372951,0.098027,0.261789,0.267233
0.369106,0.0908715,0.270978,0.269044
0.395855,0.109133,0.257383,0.237629
0.390096,0.0999513,0.265156,0.244796
0.39368,0.0867875,0.251447,0.268085
0.393309,0.0838151,0.25833,0.264546
0.400999,0.0769072,0.237146,0.284948
0.42885,0.0751771,0.221076,0.274897
0.397576,0.0689432,0.233432,0.300049
0.40686,0.0764884,0.223523,0.293128
0.405085,0.080001,0.220366,0.294548
0.37383,0.0728848,0.233139,0.320147
0.356789,0.0668491,0.231544,0.344818
0.34932,0.0778547,0.241549,0.331276
0.331202,0.080677,0.260711,0.32741
0.328622,0.075178,0.254023,0.342177
0.379254,0.0741392,0.207337,0.33927
0.364899,0.0692257,0.215468,0.350407
0.370367,0.0699372,0.200386,0.35931
0.360759,0.0687718,0.211873,0.358596
0.34778,0.069438,0.206902,0.37588
0.355784,0.0640698,0.193386,0.38676
0.366651,0.0749757,0.197754,0.360619
0.369462,0.0727683,0.195791,0.361978
0.358623,0.0727616,0.207645,0.360971
0.352835,0.073345,0.211987,0.361833
0.351339,0.0701889,0.205355,0.373118
0.346702,0.0752441,0.211349,0.366705
0.360765,0.0820371,0.213297,0.343902
0.362979,0.0769211,0.207419,0.352681
0.366375,0.0881914,0.210801,0.334632
0.387819,0.0791718,0.196716,0.336294
0.391156,0.0815493,0.187192,0.340103
0.383167,0.0855177,0.198756,0.332559
0.384036,0.0924517,0.194998,0.328514
0.383303,0.0916922,0.210828,0.314177
0.363419,0.0849156,0.198981,0.352684
0.346548,0.0911157,0.222457,0.33988
0.368821,0.09615,0.207231,0.327798
0.368448,0.0906428,0.20975,0.331159
0.390979,0.102172,0.206806,0.300042
0.369007,0.0852288,0.213594,0.33217
0.369923,0.0891659,0.213105,0.327806
0.361939,0.0800122,0.232006,0.326042
0.35274,0.0828379,0.21702,0.347402
0.351562,0.0836605,0.214539,0.350239
0.322345,0.0746728,0.23572,0.367262
0.313286,0.0741064,0.214002,0.398605
0.332302,0.0705822,0.205586,0.391529
0.338792,0.0706978,0.198536,0.391974
0.334934,0.0725771,0.201161,0.391328
0.347391,0.0745579,0.19893,0.37912
0.33683,0.065172,0.181029,0.416969
0.328643,0.061723,0.195132,0.414503
0.329279,0.0614365,0.168667,0.440618
0.315235,0.058359,0.17172,0.454686
0.278182,0.0450831,0.182067,0.494667
0.286081,0.0512644,0.19337,0.469285
0.292864,0.0506416,0.198461,0.458033
0.31568,0.0485628,0.204357,0.4314
0.332513,0.0516055,0.221939,0.393943
0.327029,0.0523126,0.227011,0.393648
0.329762,0.0557272,0.256935,0.357576
0.325601,0.0624838,0.245365,0.366551
0.308433,0.0576782,0.257163,0.376725
0.318432,0.0615895,0.246641,0.373337
0.306991,0.0565321,0.238193,0.398284
0.322793,0.0602942,0.229395,0.387518
0.312183,0.0653059,0.235002,0.387509
0.312144,0.0596679,0.243676,0.384512
0.350127,0.0649647,0.229397,0.355511
0.357809,0.0650348,0.228518,0.348638
0.363434,0.0617517,0.214032,0.360781
0.360526,0.0597782,0.209617,0.370079
0.360505,0.0556042,0.20211,0.381781
0.336812,0.0547799,0.2131,0.395308
0.316195,0.0588503,0.217893,0.407061
0.306885,0.0579674,0.256351,0.378797
0.336429,0.0547856,0.243955,0.36483
0.341182,0.0507376,0.221139,0.386942
0.353866,0.0561005,0.213355,0.376679
0.376217,0.0500705,0.17642,0.397292
0.358286,0.0508963,0.177862,0.412956
0.349959,0.0512699,0.18057,0.418201
0.345192,0.0541987,0.167045,0.433564
0.338636,0.0587681,0.193592,0.409004
0.339257,0.0547088,0.19377,0.412264
0.350451,0.0526372,0.198376,0.398536
0.364948,0.061669,0.187561,0.385823
0.361307,0.0564195,0.163392,0.418881
0.358757,0.0508757,0.162587,0.42778
0.358227,0.0586747,0.164893,0.418205
0.357824,0.0594975,0.156415,0.426263
0.34532,0.0578272,0.152698,0.444155
0.340537,0.0603056,0.155401,0.443757
0.35077,0.061928,0.166415,0.420887
0.346436,0.0572994,0.165737,0.430527
0.356715,0.0521653,0.174276,0.416844
0.356705,0.0572098,0.163328,0.422757
0.32838,0.0549701,0.174519,0.442131
0.346067,0.0623963,0.158218,0.433318
0.349615,0.0582884,0.149773,0.442323
0.350779,0.0605029,0.14305,0.445669
0.350107,0.0614182,0.156033,0.432442
0.369176,0.0591652,0.146371,0.425288
0.37589,0.0683538,0.160463,0.395294
0.342567,0.0666632,0.155388,0.435382
0.364798,0.0674717,0.155523,0.412207
0.367904,0.0636276,0.141607,0.426862
0.366478,0.0617933,0.139747,0.431981
0.346044,0.0670084,0.16551,0.421438
0.348097,0.0623898,0.157143,0.432371
0.334015,0.0590917,0.178257,0.428637
0.328586,0.060449,0.197929,0.413036
0.332492,0.0637927,0.186557,0.417158
0.349851,0.0711323,0.180541,0.398476
0.346701,0.0617467,0.199338,0.392215
0.344132,0.063611,0.181257,0.411
0.344837,0.063692,0.176524,0.414946
0.337979,0.0675225,0.168295,0.426203
0.353586,0.062927,0.172877,0.41061
0.332613,0.059219,0.158841,0.449327
0.367256,0.0594443,0.155651,0.417649
0.379841,0.0679207,0.14373,0.408508
0.374076,0.06752,0.135877,0.422528
0.390567,0.0658381,0.123585,0.42001
0.399355,0.0711962,0.124726,0.404723
0.410571,0.060317,0.115069,0.414043
0.381282,0.0595274,0.123074,0.436116
0.346144,0.054599,0.136671,0.462586
0.355352,0.0526863,0.121906,0.470056
0.33614,0.0604022,0.129902,0.473556
0.332859,0.0680271,0.130986,0.468128
0.353718,0.0716202,0.128036,0.446626
0.347548,0.0670754,0.132669,0.452708
0.347286,0.0749196,0.130405,0.44739
0.357013,0.0813938,0.134333,0.42726
0.373864,0.0877651,0.128518,0.409853
0.363384,0.0783841,0.138982,0.41925
0.318286,0.0736564,0.139055,0.469002
0.316647,0.059157,0.150972,0.473224
0.344258,0.0583134,0.150885,0.446543
0.350899,0.070996,0.145269,0.432835
0.341141,0.0616016,0.165495,0.431763
0.36309,0.0559727,0.176543,0.404394
0.362197,0.0578195,0.17211,0.407874
0.328586,0.0531751,0.170478,0.447761
0.296271,0.0445959,0.173299,0.485834
0.304636,0.0444804,0.175829,0.475055
0.277885,0.0447368,0.186754,0.490624
0.301304,0.0442602,0.179643,0.474793
0.310765,0.0464053,0.192369,0.450461
0.317479,0.0493627,0.193288,0.43987
0.322184,0.0499563,0.187146,0.440714
0.306658,0.0432634,0.203309,0.44677
0.330685,0.0439343,0.176825,0.448556
0.310736,0.042175,0.169619,0.47747
0.33163,0.0390695,0.165317,0.463983
0.310926,0.0418644,0.159802,0.487407
0.311985,0.056257,0.159167,0.472592
0.301486,0.0502011,0.162026,0.486286
0.287546,0.0529281,0.164162,0.495364
0.310728,0.0540879,0.15339,0.481795
0.314186,0.056404,0.154893,0.474516
0.302216,0.0498041,0.134182,0.513798
0.309827,0.0597044,0.135084,0.495385
0.296709,0.0648797,0.163261,0.47515
0.270586,0.0652833,0.1576,0.506531
0.281983,0.0703012,0.147106,0.50061
0.267985,0.0669722,0.140068,0.524975
0.284367,0.0680835,0.147695,0.499854
0.294312,0.0939087,0.142621,0.469159
0.306268,0.0871983,0.137408,0.469126
0.315079,0.0851955,0.139471,0.460255
0.289476,0.0717117,0.150266,0.488546
0.264675,0.0765595,0.136905,0.521861
0.269694,0.081879,0.141796,0.50663
0.264728,0.0812275,0.142337,0.511708
0.27499,0.0710071,0.13461,0.519393
0.26814,0.0744583,0.142489,0.514912
0.291146,0.0794002,0.146602,0.482851
0.31744,0.0775976,0.143923,0.461039
0.302586,0.0753268,0.144064,0.478023
0.346701,0.0706762,0.145998,0.436624
0.301946,0.0666421,0.157339,0.474073
0.305473,0.068352,0.15123,0.474945
0.312827,0.0595535,0.149495,0.478125
0.314021,0.0678558,0.156745,0.461378
0.29913,0.0554885,0.155588,0.489794
0.32152,0.0531629,0.1676,0.457717
0.314061,0.0481641,0.154425,0.48335
0.340129,0.0496087,0.151313,0.458948
0.307597,0.0438365,0.150843,0.497724
0.291484,0.0444751,0.155726,0.508315
0.296925,0.0435394,0.150933,0.508602
0.279889,0.0421099,0.179732,0.498269
0.244619,0.0418553,0.172493,0.541033
0.280591,0.0473218,0.155776,0.516312
0.273916,0.0501964,0.150177,0.525711
0.26764,0.0472274,0.1658,0.519333
0.256676,0.0453067,0.157731,0.540286
0.243406,0.0420122,0.163003,0.551579
0.225081,0.043279,0.151397,0.580243
0.199151,0.0437897,0.139045,0.618014
0.218557,0.046619,0.142363,0.592461
0.225707,0.0431531,0.138586,0.592554
0.228667,0.0432961,0.151273,0.576764
0.24154,0.0485458,0.143688,0.566227
0.243969,0.0434187,0.149826,0.562786
0.235189,0.0518183,0.148184,0.564809
0.224175,0.0518722,0.142544,0.581409
0.231694,0.0499384,0.154039,0.564328
0.220325,0.0466899,0.150225,0.582761
0.225263,0.0605828,0.138183,0.575971
0.250183,0.0503404,0.160948,0.538529
0.243878,0.0510088,0.163093,0.54202
0.261615,0.0556175,0.152185,0.530582
0.258046,0.0488528,0.150912,0.54219
0.25807,0.0489878,0.14913,0.543812
0.270255,0.0499402,0.157335,0.52247
0.261392,0.0441264,0.167836,0.526645
0.262786,0.0468057,0.157803,0.532605
0.256932,0.0403685,0.166194,0.536505
0.291133,0.0440605,0.177189,0.487618
0.267432,0.0377696,0.183631,0.511168
0.28414,0.0431783,0.159989,0.512693
0.289619,0.0457247,0.151406,0.51325
0.291063,0.0444412,0.16,0.504495
0.279272,0.040656,0.151343,0.528729
0.275592,0.0399632,0.155861,0.528584
0.262809,0.0397893,0.159519,0.537882
0.258349,0.0430097,0.166514,0.532128
0.275482,0.0437469,0.173984,0.506787
0.251119,0.0369458,0.175046,0.536889
0.245243,0.0368973,0.178144,0.539716
0.25967,0.0371768,0.172487,0.530666
0.256049,0.0391526,0.164559,0.540239
0.254385,0.0430162,0.175635,0.526963
0.223417,0.0336826,0.160337,0.582563
0.225804,0.0349581,0.167827,0.571411
0.226687,0.0351755,0.182681,0.555457
0.247422,0.0393359,0.175713,0.537528
0.254063,0.0395865,0.182139,0.524211
0.277804,0.0432531,0.156963,0.521979
0.283059,0.0422596,0.169806,0.504875
0.29945,0.0448951,0.161336,0.494319
0.27017,0.0428801,0.168574,0.518376
0.271617,0.0427816,0.162318,0.523284
0.249648,0.0430492,0.171413,0.53589
0.280221,0.0447328,0.189461,0.485585
0.282276,0.0493463,0.18102,0.487358
0.287753,0.0496963,0.15824,0.504311
0.276285,0.0427293,0.140504,0.540481
0.311821,0.0519816,0.149845,0.486352
0.299704,0.048301,0.137389,0.514606
0.312119,0.0486729,0.130299,0.508909
0.275766,0.0507221,0.150371,0.523141
0.28073,0.0470037,0.155356,0.51691
0.279576,0.0476781,0.133356,0.53939
0.305484,0.0497658,0.121865,0.522885
0.293698,0.0477361,0.110149,0.548417
0.29892,0.0490609,0.117995,0.534024
0.307048,0.0472475,0.132524,0.51318
0.319564,0.0509561,0.111932,0.517547
0.310793,0.0471962,0.126478,0.515533
0.317625,0.0475822,0.124864,0.509928
0.316563,0.047759,0.133312,0.502366
0.302299,0.0533602,0.12555,0.518791
0.287169,0.0425394,0.124625,0.545667
0.283407,0.0391183,0.133668,0.543807
0.252903,0.0345324,0.137436,0.575128
0.272737,0.0374265,0.134062,0.555774
0.251769,0.0324833,0.14245,0.573298
0.244243,0.038467,0.130662,0.586628
0.267022,0.0392992,0.141886,0.551793
0.284002,0.040832,0.133363,0.541804
0.289065,0.0378795,0.135954,0.537102
0.290964,0.0363645,0.147484,0.525187
0.266961,0.0378327,0.140931,0.554275
0.291446,0.0363184,0.137175,0.53506
0.288691,0.0341868,0.133358,0.543764
0.299375,0.039003,0.132152,0.52947
0.284896,0.036249,0.133038,0.545817
0.288591,0.035684,0.128626,0.547099
0.28234,0.0351449,0.120388,0.562127
0.253934,0.0326125,0.14316,0.570294
0.254558,0.0335048,0.139434,0.572504
0.276401,0.0433188,0.167249,0.51303
0.276091,0.0369485,0.150922,0.536039
0.272943,0.0382407,0.166171,0.522646
0.263011,0.0364648,0.159568,0.540956
0.249135,0.0378006,0.150222,0.562843
0.264069,0.0424908,0.141727,0.551714
0.289553,0.0416401,0.159524,0.509283
0.293327,0.052604,0.157727,0.496341
0.309775,0.0551637,0.161015,0.474045
0.278285,0.0481352,0.165045,0.508535
0.309359,0.0508711,0.159255,0.480515
0.294879,0.0583797,0.158405,0.488336
0.276253,0.050771,0.166649,0.506327
0.27722,0.0559898,0.154052,0.512738
0.280845,0.0492404,0.153154,0.51676
0.277832,0.0469824,0.167239,0.507946
0.26596,0.0476357,0.165469,0.520935
0.262927,0.0458205,0.181371,0.509881
0.271333,0.0505144,0.1679,0.510253
0.289488,0.0560891,0.190452,0.463972
0.295861,0.0574424,0.200013,0.446684
0.287651,0.058878,0.190663,0.462808
0.278317,0.0519672,0.176204,0.493511
0.280737,0.0537224,0.193239,0.472302
0.261436,0.0518302,0.206251,0.480482
0.240105,0.0436532,0.218911,0.497331
0.256145,0.0474197,0.208597,0.487838
0.243893,0.0425944,0.214909,0.498603
0.249492,0.0420406,0.211483,0.496985
0.264842,0.047625,0.203763,0.483769
0.302902,0.0607488,0.185949,0.4504
0.283298,0.0462449,0.206695,0.463762
0.273329,0.0570795,0.195875,0.473717
0.265028,0.0465365,0.201138,0.487298
0.255684,0.0480202,0.201147,0.495149
0.2249,0.0369865,0.197814,0.5403
0.228254,0.0411701,0.175939,0.554637
0.228407,0.0450179,0.168073,0.558502
0.249396,0.0490569,0.174629,0.526918
0.274763,0.048951,0.176178,0.500107
0.265134,0.0511923,0.18738,0.496294
0.264286,0.0570367,0.189161,0.489516
0.264718,0.0533557,0.172427,0.509499
0.260583,0.0522672,0.181431,0.505719
0.260165,0.0506539,0.179499,0.509682
0.265696,0.0531547,0.195153,0.485996
0.276018,0.0617423,0.190961,0.471279
0.281104,0.0599141,0.206268,0.452714
0.268865,0.0622826,0.195823,0.473029
0.25991,0.0614682,0.195901,0.482721
0.248738,0.06191,0.187749,0.501603
0.251914,0.0659845,0.180697,0.501405
0.23115,0.0540879,0.192113,0.522649
0.226924,0.0555331,0.181556,0.535987
0.225875,0.0579567,0.19675,0.519419
0.223021,0.0558528,0.198881,0.522245
0.226933,0.053808,0.212745,0.506514
0.24086,0.053924,0.205679,0.499537
0.257148,0.0552546,0.209518,0.478079
0.242784,0.0565731,0.217833,0.48281
0.25592,0.06119,0.213066,0.469823
0.253813,0.0622429,0.223971,0.459974
0.274243,0.0652066,0.225324,0.435226
0.282185,0.0708051,0.232972,0.414038
0.308315,0.073331,0.228984,0.38937
0.300062,0.070089,0.208471,0.421378
0.288865,0.0654092,0.21912,0.426606
0.29235,0.0674876,0.214955,0.425207
0.306312,0.0716045,0.208869,0.413215
0.295892,0.0691149,0.231375,0.403619
0.288428,0.0685983,0.254643,0.388331
0.298866,0.0662445,0.242618,0.392271
0.28373,0.0668098,0.252068,0.397392
0.275635,0.0552582,0.22218,0.446927
0.296152,0.0663759,0.215494,0.421978
0.305142,0.0673148,0.225754,0.401789
0.285858,0.0645976,0.215597,0.433948
0.297394,0.0644404,0.212581,0.425585
0.294296,0.0595183,0.202354,0.443832
0.283645,0.0701714,0.187219,0.458965
0.283519,0.0683075,0.174658,0.473516
0.298545,0.0721244,0.209559,0.419772
0.293938,0.0575636,0.188699,0.459799
0.284489,0.0631298,0.195501,0.45688
0.287935,0.0611363,0.16804,0.482888
0.326437,0.0578466,0.171271,0.444445
0.310863,0.0651625,0.177646,0.446329
0.30575,0.0601,0.201978,0.432171
0.305886,0.0679448,0.193942,0.432227
0.286521,0.0658532,0.211482,0.436144
0.257088,0.0603303,0.175281,0.5073
0.267516,0.0599435,0.193555,0.478986
0.284565,0.0697791,0.199867,0.445789
0.283222,0.0685061,0.194884,0.453388
0.29365,0.0812078,0.22277,0.402372
0.299376,0.0686904,0.21127,0.420663
0.291238,0.0690744,0.238955,0.400733
0.292496,0.0683596,0.226586,0.412559
0.291583,0.060569,0.20976,0.438088
0.288203,0.0632769,0.220235,0.428285
0.298732,0.0711454,0.229647,0.400476
0.322438,0.0815775,0.222325,0.37366
0.309594,0.078223,0.2272,0.384983
0.310197,0.0754449,0.229913,0.384445
0.313987,0.0702907,0.234846,0.380876
0.307467,0.0692892,0.221588,0.401656
0.314349,0.0694195,0.225636,0.390596
0.315576,0.0768555,0.226485,0.381083
0.325035,0.0748495,0.218268,0.381848
0.318036,0.0713985,0.244391,0.366174
0.315297,0.0699589,0.252992,0.361753
0.308756,0.0668533,0.237196,0.387195
0.317614,0.0734204,0.24277,0.366195
0.310801,0.0694431,0.260138,0.359618
0.340207,0.0886897,0.268432,0.302672
0.336322,0.0850193,0.254237,0.324421
0.330426,0.0840161,0.251225,0.334333
0.326219,0.080615,0.262358,0.330808
0.303288,0.0719799,0.252596,0.372136
0.310615,0.0829392,0.259606,0.34684
0.306137,0.0872652,0.246818,0.35978
0.310299,0.0950959,0.253696,0.340909
0.316389,0.0961249,0.25112,0.336367
0.327426,0.0910069,0.226151,0.355417
0.307206,0.0836432,0.230236,0.378915
0.29829,0.0767472,0.239324,0.385639
0.305632,0.0863162,0.233136,0.374915
0.309748,0.088834,0.222985,0.378433
0.294563,0.0781953,0.223522,0.403719
0.321639,0.0859825,0.213702,0.378676
0.337245,0.0905013,0.18836,0.383893
0.316387,0.083472,0.206384,0.393757
0.323452,0.0923534,0.213138,0.371056
0.341125,0.0942867,0.210306,0.354282
0.326412,0.093083,0.219526,0.360979
0.319063,0.0809293,0.214756,0.385252
0.343049,0.0773476,0.204366,0.375238
0.307196,0.0773156,0.205999,0.409489
0.299676,0.0849851,0.235129,0.38021
0.333772,0.0871527,0.227278,0.351798
