EUR=X,JPY=X,CHFUSD,GLD
0.283832,0.124706,0.131258,0.460204
0.302336,0.11223,0.132015,0.453419
0.303102,0.11107,0.133073,0.452754
0.306137,0.111375,0.130302,0.452186
0.293437,0.112743,0.130223,0.463598
0.276233,0.119895,0.121899,0.481973
0.274684,0.134526,0.122701,0.468089
0.264347,0.147168,0.13092,0.457565
0.273488,0.138709,0.12864,0.459163
0.269847,0.133828,0.131293,0.465032
0.267644,0.126413,0.128659,0.477284
0.276958,0.119719,0.12345,0.479873
0.277428,0.118459,0.116183,0.487929
0.272511,0.11885,0.10999,0.498648
0.261895,0.116255,0.107936,0.513913
0.243594,0.11096,0.107506,0.53794
0.240135,0.108109,0.102718,0.549038
0.261299,0.110631,0.1072,0.520871
0.251702,0.107327,0.107691,0.533279
0.25597,0.109008,0.11062,0.524403
0.260007,0.115448,0.114748,0.509797
0.2633,0.122037,0.119354,0.495308
0.258973,0.126452,0.115691,0.498884
0.250336,0.126296,0.113113,0.510255
0.255112,0.121038,0.111031,0.512819
0.262683,0.115357,0.113876,0.508084
0.269203,0.113315,0.116594,0.500889
0.270931,0.114655,0.115938,0.498476
0.2826,0.117715,0.111439,0.488245
0.277705,0.122854,0.121307,0.478134
0.262832,0.134304,0.124816,0.478047
0.266162,0.134643,0.126738,0.472457
0.280608,0.14112,0.131649,0.446624
0.293086,0.136995,0.131002,0.438917
0.308234,0.133612,0.12986,0.428293
0.321163,0.134128,0.12383,0.420879
0.325951,0.137366,0.126454,0.410229
0.329858,0.14444,0.121948,0.403755
0.330468,0.144401,0.124173,0.400958
0.334407,0.146675,0.126108,0.392811
0.335767,0.136171,0.1215,0.406561
0.324422,0.137917,0.12832,0.409341
0.330325,0.131807,0.13075,0.407118
0.341353,0.144327,0.131894,0.382426
0.335349,0.146815,0.125381,0.392455
0.32694,0.157996,0.121971,0.393094
0.318177,0.164917,0.120241,0.396665
0.315712,0.152924,0.121509,0.409856
0.311596,0.153526,0.12303,0.411847
0.31934,0.145218,0.1225,0.412941
0.342853,0.134163,0.118087,0.404897
0.345775,0.127145,0.113995,0.413085
0.331768,0.130962,0.11048,0.42679
0.334162,0.137419,0.112572,0.415846
0.311169,0.144389,0.122074,0.422368
0.304314,0.14008,0.131679,0.423927
0.31936,0.132534,0.130724,0.417382
0.327001,0.133735,0.133148,0.406116
0.332109,0.13169,0.130913,0.405288
0.321416,0.144356,0.134649,0.399579
0.312654,0.15417,0.139587,0.393589
0.294025,0.15867,0.145775,0.40153
0.285697,0.167025,0.148957,0.398321
0.305642,0.165316,0.153047,0.375995
0.31693,0.159575,0.151815,0.371681
0.317195,0.15083,0.147525,0.38445
0.33187,0.140109,0.142205,0.385817
0.32001,0.146654,0.14057,0.392766
0.30772,0.151364,0.147944,0.392972
0.314988,0.149799,0.141761,0.393451
0.322467,0.152925,0.134005,0.390603
0.327402,0.144869,0.141348,0.386382
0.339846,0.139674,0.139242,0.381238
0.341921,0.146241,0.140372,0.371466
0.335854,0.14317,0.137473,0.383502
0.338546,0.14718,0.134436,0.379838
0.337402,0.14659,0.133218,0.38279
0.336447,0.148413,0.13127,0.38387
0.333626,0.149583,0.135612,0.381179
0.330464,0.149211,0.138031,0.382294
0.325349,0.136617,0.135921,0.402114
0.319252,0.134862,0.131633,0.414253
0.327965,0.129783,0.127387,0.414865
0.31315,0.133471,0.128603,0.424775
0.306834,0.132425,0.127346,0.433394
0.315217,0.137728,0.128307,0.418749
0.317701,0.144367,0.128557,0.409375
0.307474,0.132538,0.134879,0.42511
0.315158,0.125621,0.132647,0.426574
0.326246,0.117904,0.125266,0.430584
0.324337,0.119517,0.124161,0.431985
0.325959,0.113425,0.119896,0.440721
0.317291,0.123362,0.120713,0.438634
0.321214,0.122165,0.120954,0.435666
0.314445,0.122909,0.12618,0.436466
0.320029,0.119658,0.128869,0.431444
0.309911,0.119406,0.135852,0.434832
0.320467,0.113074,0.128812,0.437647
0.31974,0.107882,0.129423,0.442955
0.313994,0.114711,0.129815,0.441481
0.320977,0.111738,0.126631,0.440654
0.307243,0.122141,0.125149,0.445467
0.324975,0.123176,0.132139,0.419711
0.338932,0.119657,0.137352,0.40406
0.343057,0.108788,0.13691,0.411245
0.353896,0.1058,0.135429,0.404875
0.350059,0.103658,0.13013,0.416154
0.36155,0.104746,0.130526,0.403178
0.353077,0.11228,0.128685,0.405958
0.334992,0.122409,0.136148,0.406451
0.336909,0.117078,0.14528,0.400734
0.350102,0.11358,0.147292,0.389026
0.351387,0.106509,0.137856,0.404247
0.344998,0.112522,0.13954,0.402939
0.320034,0.11678,0.132956,0.43023
0.307338,0.128047,0.138386,0.42623
0.301375,0.129036,0.135414,0.434175
0.308838,0.129278,0.137439,0.424445
0.30859,0.130221,0.136189,0.425
0.316058,0.12438,0.140237,0.419325
0.315293,0.125249,0.142174,0.417285
0.326638,0.119954,0.128575,0.424833
0.313254,0.111504,0.124918,0.450324
0.322912,0.114715,0.126574,0.435798
0.336244,0.119237,0.129363,0.415156
0.337215,0.119273,0.131488,0.412025
0.335418,0.120444,0.13683,0.407308
0.352154,0.111793,0.134374,0.401679
0.336845,0.108126,0.130011,0.425018
0.324632,0.113538,0.131014,0.430816
0.331419,0.110366,0.128159,0.430056
0.33039,0.115192,0.129108,0.42531
0.322805,0.110644,0.125086,0.441465
0.31654,0.110432,0.128761,0.444267
0.311502,0.112221,0.137565,0.438713
0.302487,0.112378,0.13689,0.448246
0.320122,0.10582,0.132846,0.441212
0.305708,0.107674,0.134035,0.452583
0.301174,0.111699,0.137805,0.449323
0.310348,0.122935,0.136171,0.430546
0.314367,0.119078,0.135009,0.431545
0.307826,0.12911,0.143592,0.419472
0.334598,0.119277,0.14568,0.400445
0.331435,0.11853,0.137959,0.412076
0.331212,0.117298,0.139285,0.412206
0.322862,0.113944,0.14081,0.422385
0.338105,0.11552,0.135709,0.410665
0.319254,0.124633,0.139378,0.416734
0.336604,0.118261,0.14696,0.398174
0.34222,0.11914,0.14067,0.39797
0.318138,0.124656,0.14729,0.409916
0.32502,0.11889,0.151159,0.404931
0.324336,0.122944,0.148999,0.403721
0.322742,0.129675,0.152605,0.394978
0.320882,0.131066,0.155158,0.392894
0.326628,0.129013,0.146611,0.397749
0.314875,0.139743,0.145013,0.40037
0.32128,0.134977,0.14432,0.399423
0.323471,0.132472,0.151091,0.392967
0.332998,0.123357,0.146412,0.397233
0.342759,0.123656,0.145325,0.388261
0.351381,0.122082,0.137138,0.389399
0.34136,0.122646,0.139547,0.396448
0.345807,0.127684,0.139348,0.387162
0.351072,0.128136,0.140619,0.380174
0.355772,0.129442,0.140052,0.374734
0.354472,0.13069,0.137459,0.377378
0.352926,0.121645,0.133663,0.391766
0.357939,0.12518,0.13041,0.386471
0.361322,0.129892,0.128307,0.380479
0.34363,0.129576,0.130381,0.396413
0.355733,0.124866,0.130759,0.388641
0.353486,0.121452,0.12878,0.396282
0.377817,0.116763,0.121346,0.384075
0.381007,0.113832,0.125083,0.380078
0.383742,0.111617,0.127407,0.377234
0.368468,0.114388,0.131606,0.385538
0.361782,0.116622,0.132371,0.389225
0.354559,0.115254,0.132052,0.398136
0.350036,0.125851,0.135953,0.388161
0.349401,0.128761,0.135392,0.386446
0.348662,0.12325,0.140376,0.387713
0.341572,0.120824,0.141562,0.396042
0.331379,0.127457,0.140525,0.400639
0.339712,0.130335,0.14132,0.388633
0.333664,0.125502,0.134657,0.406176
0.349461,0.123578,0.137196,0.389765
0.351974,0.120911,0.136163,0.390952
0.354212,0.119725,0.143211,0.382852
0.354498,0.12265,0.139483,0.383369
0.358625,0.11753,0.135686,0.388158
0.361998,0.11804,0.133964,0.385998
0.359751,0.120385,0.137918,0.381945
0.359519,0.120994,0.133098,0.386389
0.358708,0.123963,0.135109,0.38222
0.359078,0.115926,0.132082,0.392914
0.362524,0.117158,0.138933,0.381385
0.369272,0.113855,0.138755,0.378117
0.362029,0.121262,0.143711,0.372998
0.357875,0.125583,0.147197,0.369345
0.358182,0.125287,0.145515,0.371016
0.357533,0.123029,0.145758,0.373679
0.360255,0.131154,0.153314,0.355277
0.354967,0.128661,0.153276,0.363097
0.357845,0.132963,0.155156,0.354036
0.361622,0.127569,0.156299,0.35451
0.349247,0.127774,0.1553,0.36768
0.350563,0.128036,0.148735,0.372666
0.342558,0.1249,0.15504,0.377503
0.35229,0.123991,0.150661,0.373058
0.361883,0.12312,0.14905,0.365948
0.358157,0.123927,0.152439,0.365477
0.347553,0.131588,0.154717,0.366142
0.364199,0.131717,0.150651,0.353433
0.345561,0.144186,0.154001,0.356251
0.340239,0.161498,0.155525,0.342737
0.3453,0.152618,0.155823,0.346259
0.334728,0.175451,0.166021,0.323799
0.334517,0.170122,0.163779,0.331581
0.322491,0.17644,0.159876,0.341194
0.333221,0.175575,0.158555,0.332648
0.328835,0.16835,0.165672,0.337143
0.321913,0.159639,0.159452,0.358996
0.311464,0.16832,0.153685,0.366531
0.307647,0.159223,0.153813,0.379316
0.309824,0.159746,0.153183,0.377247
0.310609,0.16483,0.155588,0.368973
0.308345,0.165845,0.160901,0.364908
0.309524,0.151468,0.162879,0.376128
0.326866,0.149681,0.160298,0.363155
0.3254,0.145751,0.156472,0.372377
0.305984,0.154905,0.164753,0.374358
0.299818,0.154898,0.168906,0.376378
0.309953,0.156185,0.162868,0.370994
0.3357,0.142309,0.158356,0.363635
0.328364,0.147576,0.167678,0.356382
0.33361,0.139558,0.16096,0.365872
0.344844,0.137347,0.16364,0.354169
0.349881,0.138126,0.161313,0.350679
0.352594,0.133271,0.157339,0.356796
0.351259,0.138132,0.160159,0.35045
0.351204,0.135762,0.160424,0.352611
0.351105,0.132975,0.158015,0.357905
0.361394,0.129266,0.160527,0.348813
0.340558,0.136702,0.167379,0.355361
0.332943,0.137363,0.16504,0.364655
0.337248,0.136693,0.165308,0.36075
0.338136,0.141034,0.167611,0.353219
0.321197,0.148018,0.178685,0.352101
0.337361,0.140677,0.172748,0.349214
0.341996,0.141755,0.173654,0.342595
0.355518,0.135529,0.163493,0.345459
0.370172,0.139949,0.159585,0.330295
0.379177,0.134529,0.155817,0.330478
0.385482,0.125151,0.155835,0.333531
0.390808,0.128392,0.155756,0.325043
0.359269,0.12782,0.162496,0.350415
0.358108,0.120971,0.152868,0.368053
0.380242,0.118814,0.151645,0.349299
0.374562,0.111968,0.152743,0.360728
0.369403,0.110084,0.149632,0.370881
0.375235,0.111591,0.14692,0.366253
0.387434,0.115309,0.151827,0.34543
0.38784,0.110254,0.147668,0.354238
0.379383,0.118149,0.150674,0.351794
0.381313,0.119109,0.15625,0.343329
0.367669,0.119056,0.160621,0.352654
0.358201,0.115874,0.154936,0.37099
0.354548,0.116476,0.153948,0.375028
0.342381,0.122367,0.152162,0.38309
0.341618,0.121369,0.151002,0.386011
0.337453,0.124649,0.152424,0.385474
0.336704,0.129668,0.145874,0.387753
0.326388,0.13792,0.149441,0.386251
0.334174,0.129465,0.14706,0.389302
0.335378,0.132536,0.141869,0.390217
0.33192,0.126601,0.143563,0.397916
0.323941,0.131458,0.150612,0.39399
0.339068,0.130894,0.148272,0.381765
0.32494,0.136645,0.152526,0.385889
0.311938,0.140339,0.154877,0.392846
0.324086,0.136247,0.154742,0.384924
0.326001,0.134136,0.15309,0.386772
0.324559,0.136973,0.1552,0.383267
0.32581,0.135989,0.15317,0.38503
0.323951,0.139914,0.160243,0.375892
0.316755,0.129396,0.153447,0.400402
0.318956,0.143709,0.156228,0.381107
0.318146,0.14784,0.160932,0.373082
0.325452,0.148356,0.158528,0.367663
0.337555,0.134002,0.15681,0.371632
0.337227,0.141295,0.147527,0.373951
0.341778,0.142638,0.157028,0.358556
0.335281,0.148624,0.1571,0.358995
0.340067,0.143644,0.159422,0.356866
0.334613,0.143708,0.164632,0.357047
0.322734,0.146806,0.174875,0.355585
0.320106,0.16103,0.167044,0.35182
0.321354,0.164651,0.170814,0.343181
0.325375,0.146048,0.159047,0.36953
0.330801,0.149777,0.153759,0.365663
0.340583,0.146907,0.14887,0.363639
0.330323,0.14287,0.155996,0.370811
0.345373,0.135761,0.155956,0.36291
0.34407,0.133569,0.154281,0.36808
0.337999,0.13498,0.154522,0.372498
0.354213,0.124866,0.154668,0.366254
0.345664,0.123009,0.148745,0.382583
0.329272,0.121659,0.14739,0.401679
0.323046,0.134867,0.15291,0.389177
0.307361,0.1289,0.155156,0.408584
0.315934,0.137055,0.15853,0.388481
0.305604,0.137553,0.166764,0.390079
0.297945,0.138819,0.168543,0.394693
0.304493,0.134024,0.168695,0.392788
0.317295,0.127267,0.164244,0.391194
0.307534,0.134026,0.162719,0.395722
0.304759,0.131679,0.16203,0.401532
0.299397,0.132904,0.163217,0.404482
0.308613,0.133606,0.166745,0.391036
0.298439,0.126907,0.160681,0.413974
0.284302,0.13028,0.167321,0.418097
0.291866,0.144191,0.180402,0.383542
0.279608,0.136482,0.169515,0.414394
0.281502,0.145398,0.177352,0.395748
0.28578,0.13891,0.17051,0.4048
0.297664,0.136472,0.159078,0.406787
0.29791,0.145151,0.163363,0.393576
0.296411,0.143421,0.166203,0.393964
0.306503,0.143467,0.169444,0.380586
0.30631,0.139988,0.168252,0.38545
0.305602,0.136548,0.167372,0.390478
0.327343,0.134739,0.175355,0.362563
0.308091,0.136097,0.16712,0.388692
0.315383,0.142889,0.1754,0.366328
0.320036,0.150183,0.169104,0.360677
0.309277,0.148059,0.173149,0.369515
0.309087,0.154621,0.165463,0.370829
0.310192,0.146807,0.162164,0.380836
0.313474,0.156084,0.155301,0.375142
0.319637,0.159172,0.156542,0.36465
0.300011,0.169824,0.163646,0.36652
0.306368,0.174034,0.157627,0.361971
0.319368,0.162698,0.158609,0.359325
0.322251,0.160263,0.159062,0.358424
0.319317,0.155677,0.161721,0.363285
0.341331,0.154206,0.156743,0.34772
0.33995,0.147868,0.149045,0.363138
0.328551,0.143378,0.144718,0.383353
0.327828,0.155792,0.148233,0.368147
0.320301,0.156915,0.1518,0.370984
0.338969,0.154569,0.155642,0.35082
0.331136,0.147413,0.164214,0.357238
0.329239,0.153523,0.157111,0.360127
0.331312,0.162878,0.159891,0.345919
0.330937,0.160365,0.160537,0.34816
0.327107,0.16723,0.162169,0.343494
0.318107,0.164418,0.162311,0.355165
0.318022,0.161875,0.16268,0.357424
0.313604,0.159916,0.161463,0.365017
0.305635,0.156707,0.157539,0.380119
0.305837,0.168203,0.158325,0.367634
0.293602,0.163311,0.164398,0.378688
0.294805,0.162557,0.163517,0.37912
0.303582,0.163752,0.172192,0.360474
0.297464,0.151232,0.174465,0.376838
0.29213,0.173307,0.175833,0.35873
0.29835,0.171194,0.179704,0.350752
0.298841,0.170838,0.182014,0.348307
0.302567,0.155636,0.187084,0.354713
0.307291,0.153166,0.175383,0.364161
0.320867,0.156943,0.161651,0.360538
0.328446,0.158033,0.164517,0.349004
0.304137,0.161319,0.165111,0.369434
0.30687,0.158686,0.175772,0.358671
0.301906,0.159406,0.176593,0.362094
0.301239,0.152448,0.174316,0.371996
0.301121,0.157298,0.173858,0.367723
0.291796,0.165247,0.176239,0.366718
0.288634,0.18322,0.180046,0.3481
0.300976,0.178766,0.172139,0.348119
0.315494,0.172695,0.168075,0.343736
0.312975,0.180468,0.159838,0.346719
0.334054,0.165356,0.161475,0.339115
0.339516,0.16493,0.165304,0.33025
0.349475,0.155499,0.169543,0.325483
0.33575,0.151272,0.177476,0.335501
0.347472,0.148162,0.171822,0.332544
0.340109,0.14902,0.175048,0.335822
0.346353,0.140369,0.173873,0.339405
0.341497,0.155168,0.171662,0.331673
0.335651,0.148062,0.173645,0.342642
0.328677,0.153367,0.172289,0.345667
0.337782,0.150889,0.171072,0.340257
0.327818,0.151637,0.171658,0.348887
0.335435,0.153652,0.159862,0.35105
0.333096,0.15756,0.171892,0.337452
0.337664,0.154467,0.170203,0.337666
0.342957,0.158047,0.17188,0.327115
0.340124,0.157716,0.162723,0.339436
0.351152,0.144719,0.162375,0.341754
0.350169,0.141736,0.159772,0.348324
0.347356,0.141321,0.167084,0.344239
0.35529,0.146373,0.161353,0.336985
0.36133,0.134667,0.162605,0.341398
0.353058,0.138436,0.15957,0.348936
0.354455,0.142351,0.169962,0.333232
0.350894,0.143191,0.172238,0.333677
0.356488,0.13851,0.16032,0.344682
0.35301,0.129139,0.157814,0.360037
0.349027,0.128685,0.151874,0.370414
0.360852,0.127684,0.147066,0.364399
0.357828,0.126434,0.154155,0.361583
0.350027,0.119766,0.152289,0.377918
0.345509,0.124123,0.158013,0.372355
0.34566,0.129051,0.165334,0.359955
0.351035,0.127227,0.158076,0.363662
0.356417,0.127082,0.161883,0.354618
0.34212,0.131546,0.165676,0.360658
0.339243,0.12959,0.160045,0.371123
0.339139,0.130213,0.16233,0.368317
0.339306,0.129327,0.160369,0.370998
0.339017,0.132687,0.159024,0.369273
0.33583,0.131745,0.161979,0.370446
0.327065,0.140484,0.172535,0.359916
0.318833,0.135756,0.164297,0.381115
0.325348,0.139257,0.168785,0.36661
0.33123,0.143191,0.168809,0.35677
0.326906,0.150942,0.165752,0.3564
0.326896,0.145768,0.162038,0.365298
0.325523,0.144234,0.161498,0.368745
0.318584,0.143264,0.160988,0.377165
0.324634,0.146677,0.164618,0.364071
0.328513,0.143697,0.169635,0.358156
0.334278,0.145083,0.172774,0.347864
0.332721,0.143618,0.17037,0.35329
0.331866,0.145305,0.167479,0.355351
0.335007,0.136644,0.163601,0.364747
0.329339,0.132049,0.154047,0.384565
0.323401,0.128655,0.151353,0.396592
0.317347,0.132586,0.154061,0.396006
0.320096,0.132938,0.158356,0.388611
0.310443,0.140286,0.160157,0.389114
0.29164,0.152546,0.162718,0.393096
0.292944,0.163097,0.164856,0.379103
0.310841,0.157651,0.166526,0.364982
0.313413,0.149483,0.154005,0.383099
0.289569,0.165864,0.166401,0.378166
0.294769,0.158829,0.160432,0.38597
0.303011,0.148527,0.167334,0.381129
0.298763,0.149627,0.166606,0.385004
0.310488,0.146805,0.169198,0.373509
0.326384,0.13636,0.166888,0.370369
0.336535,0.135666,0.166106,0.361693
0.339225,0.13581,0.171141,0.353824
0.324073,0.145522,0.169874,0.360531
0.320224,0.146071,0.172708,0.360997
0.327209,0.139096,0.167981,0.365713
0.332694,0.133198,0.159167,0.374941
0.330434,0.134374,0.161632,0.37356
0.324825,0.136401,0.172378,0.366395
0.334037,0.139015,0.174403,0.352545
0.317868,0.138352,0.181028,0.362753
0.318909,0.139169,0.177336,0.364586
0.320334,0.141048,0.180216,0.358402
0.324388,0.144964,0.175228,0.35542
0.325374,0.141351,0.1693,0.363975
0.321544,0.144242,0.16826,0.365953
0.312776,0.148692,0.180463,0.358069
0.305653,0.149131,0.187372,0.357845
0.310162,0.1409,0.180402,0.368536
0.327009,0.142356,0.171986,0.358649
0.330452,0.140158,0.176256,0.353134
0.340395,0.127485,0.164273,0.367847
0.338182,0.121949,0.155885,0.383984
0.341593,0.123468,0.164039,0.370901
0.340161,0.123268,0.154564,0.382007
0.337405,0.123365,0.154775,0.384455
0.340936,0.125105,0.162046,0.371913
0.339682,0.125876,0.162121,0.37232
0.341588,0.125362,0.163035,0.370015
0.325542,0.125996,0.165377,0.383085
0.32636,0.126918,0.164847,0.381875
0.346947,0.122061,0.154701,0.376291
0.341767,0.124041,0.154174,0.380018
0.33793,0.119355,0.150277,0.392439
0.341138,0.122915,0.150526,0.385421
0.350797,0.113308,0.143317,0.392578
0.356758,0.11298,0.146928,0.383334
0.35887,0.112999,0.146904,0.381227
0.362554,0.114648,0.147092,0.375706
0.361067,0.118677,0.147043,0.373213
0.35611,0.119858,0.149192,0.374839
0.351478,0.12043,0.149645,0.378447
0.351866,0.121219,0.150603,0.376312
0.35599,0.117538,0.151436,0.375036
0.351424,0.130351,0.160586,0.357639
0.342702,0.134007,0.165745,0.357546
0.343554,0.139274,0.167377,0.349796
0.348354,0.146961,0.163725,0.34096
0.361132,0.139996,0.162533,0.336339
0.345149,0.141441,0.164922,0.348488
0.353175,0.13814,0.155261,0.353424
0.359874,0.143169,0.15919,0.337767
0.356898,0.140094,0.154521,0.348487
0.355144,0.154056,0.165864,0.324935
0.354382,0.142157,0.159245,0.344216
0.362078,0.14329,0.158157,0.336475
0.353914,0.150859,0.168459,0.326768
0.338961,0.145905,0.176001,0.339132
0.331731,0.150542,0.177904,0.339823
0.335421,0.154241,0.17102,0.339317
0.324331,0.157075,0.177279,0.341315
0.31603,0.153471,0.172094,0.358405
0.322715,0.146072,0.161919,0.369294
0.326497,0.148726,0.167083,0.357694
0.314839,0.153552,0.16537,0.36624
0.321376,0.154702,0.172342,0.351581
0.307054,0.154014,0.173456,0.365476
0.306856,0.151897,0.182975,0.358272
0.301013,0.153409,0.177643,0.367935
0.310926,0.150238,0.173685,0.365151
0.315204,0.150171,0.183326,0.351299
0.307683,0.147844,0.180817,0.363656
0.31376,0.153335,0.173209,0.359696
0.312972,0.152704,0.18012,0.354204
0.305171,0.149272,0.180508,0.365049
0.310756,0.148886,0.169221,0.371137
0.321867,0.141021,0.164728,0.372384
0.313371,0.142499,0.166816,0.377315
0.316696,0.141479,0.16666,0.375165
0.301482,0.153755,0.163396,0.381366
0.307207,0.148469,0.170231,0.374093
0.316838,0.148148,0.177998,0.357015
0.311432,0.147587,0.181991,0.35899
0.302683,0.146595,0.172577,0.378145
0.31777,0.138897,0.17255,0.370783
0.315568,0.1452,0.175631,0.3636
0.319318,0.145114,0.170957,0.364611
0.320582,0.144058,0.168907,0.366453
0.312472,0.15079,0.172737,0.364001
0.30535,0.151907,0.17714,0.365604
0.316699,0.153708,0.176176,0.353417
0.330283,0.145929,0.177294,0.346493
0.327997,0.153144,0.177563,0.341296
0.324499,0.152042,0.178497,0.344962
0.316063,0.165673,0.186918,0.331347
0.322555,0.16305,0.18644,0.327956
0.316285,0.164678,0.176218,0.342818
0.303694,0.168322,0.191818,0.336166
0.311746,0.160813,0.181078,0.346363
0.318495,0.160042,0.186799,0.334664
0.313805,0.165086,0.18299,0.338119
0.329909,0.156456,0.174372,0.339263
0.336847,0.143476,0.173268,0.34641
0.329711,0.153708,0.173067,0.343513
0.347869,0.146217,0.167198,0.338716
0.338724,0.142041,0.168906,0.350329
0.344432,0.132689,0.172917,0.349962
0.347339,0.129624,0.168767,0.35427
0.34087,0.136872,0.16438,0.357877
0.34099,0.140825,0.161717,0.356468
0.327505,0.151436,0.16898,0.35208
0.321307,0.150648,0.171166,0.356879
0.317774,0.165235,0.169507,0.347484
0.314018,0.161214,0.166378,0.35839
0.331262,0.155505,0.171116,0.342116
0.328765,0.158769,0.167708,0.344758
0.319859,0.150309,0.164884,0.364949
0.335329,0.150099,0.169469,0.345102
0.345175,0.145263,0.158385,0.351177
0.347993,0.14983,0.156731,0.345445
0.336744,0.153086,0.161858,0.348312
0.327179,0.148273,0.169734,0.354814
0.331384,0.145862,0.167836,0.354918
0.33761,0.143003,0.163875,0.355513
0.340251,0.139164,0.160843,0.359741
0.342832,0.140957,0.158886,0.357325
0.344415,0.142519,0.155887,0.357179
0.333824,0.157637,0.164544,0.343995
0.337798,0.14652,0.160183,0.3555
0.346007,0.140365,0.164049,0.349579
0.345196,0.13807,0.160946,0.355788
0.342845,0.133649,0.166956,0.35655
0.35224,0.133759,0.163075,0.350926
0.351436,0.132091,0.168728,0.347745
0.347534,0.138719,0.17114,0.342607
0.343541,0.144002,0.170783,0.341674
0.361213,0.126636,0.170075,0.342076
0.357202,0.131358,0.176435,0.335005
0.344346,0.135942,0.18148,0.338232
0.347449,0.135377,0.177132,0.340042
0.34388,0.147549,0.180415,0.328156
0.330743,0.148255,0.181248,0.339753
0.325719,0.15888,0.178026,0.337376
0.329995,0.156369,0.176434,0.337202
0.322701,0.166565,0.17426,0.336475
0.325343,0.171092,0.179808,0.323758
0.335733,0.163904,0.173757,0.326606
0.338218,0.161379,0.172946,0.327457
0.35931,0.153359,0.178321,0.30901
0.355476,0.160587,0.166937,0.317
0.355312,0.151922,0.166691,0.326074
0.36054,0.151526,0.166304,0.32163
0.367613,0.152751,0.160855,0.318781
0.350163,0.159501,0.157489,0.332847
0.346986,0.162083,0.155795,0.335136
0.345506,0.149686,0.163132,0.341677
0.351727,0.143065,0.156039,0.349169
0.349421,0.142111,0.160518,0.34795
0.360367,0.131567,0.154575,0.353491
0.362271,0.128129,0.150733,0.358866
0.3569,0.125866,0.153435,0.363799
0.360685,0.125529,0.154615,0.359171
0.364584,0.120521,0.152517,0.362378
0.35686,0.122417,0.157465,0.363258
0.355721,0.122728,0.158047,0.363504
0.35442,0.125256,0.160994,0.359329
0.35205,0.129163,0.162671,0.356116
0.354905,0.130044,0.164617,0.350434
0.353854,0.1295,0.160723,0.355923
0.359999,0.130949,0.159194,0.349857
0.367234,0.125069,0.155543,0.352153
0.377301,0.122348,0.149705,0.350647
0.370072,0.120744,0.151539,0.357644
0.362708,0.121718,0.15402,0.361554
0.358834,0.128593,0.156626,0.355947
0.339962,0.132674,0.1607,0.366663
0.336637,0.131643,0.162677,0.369043
0.343162,0.141084,0.162667,0.353088
0.344054,0.138949,0.166078,0.350918
0.349557,0.143048,0.165,0.342394
0.363612,0.129761,0.159667,0.34696
0.368937,0.133003,0.155755,0.342305
0.363709,0.14028,0.156227,0.339784
0.356347,0.139931,0.15837,0.345351
0.341096,0.14978,0.16107,0.348054
0.343096,0.140798,0.157182,0.358924
0.337824,0.143373,0.158038,0.360765
0.331339,0.151616,0.155817,0.361229
0.327326,0.148957,0.152048,0.371669
0.323042,0.157562,0.153581,0.365815
0.319696,0.156852,0.155314,0.368139
0.311837,0.162268,0.146242,0.379654
0.308621,0.175564,0.143976,0.371839
0.319868,0.165886,0.153161,0.361086
0.32269,0.169713,0.150614,0.356983
0.332256,0.15858,0.152877,0.356287
0.325247,0.167147,0.155609,0.351997
0.33185,0.1573,0.153633,0.357217
0.338852,0.144748,0.158583,0.357817
0.342576,0.141582,0.157739,0.358103
0.346043,0.142143,0.153247,0.358567
0.348036,0.134563,0.153735,0.363666
0.355631,0.137252,0.147683,0.359434
0.355657,0.131807,0.15163,0.360906
0.347859,0.132361,0.15267,0.36711
0.3438,0.131084,0.147009,0.378108
0.34178,0.138338,0.147428,0.372454
0.341338,0.140443,0.149031,0.369188
0.329747,0.139813,0.159349,0.371091
0.333955,0.139507,0.160814,0.365725
0.331976,0.139909,0.161851,0.366264
0.326375,0.139345,0.165745,0.368536
0.332173,0.139983,0.158703,0.369142
0.330682,0.141514,0.159936,0.367868
0.33109,0.148112,0.157357,0.363442
0.324173,0.151053,0.159201,0.365573
0.331033,0.145484,0.15666,0.366823
0.327493,0.154783,0.160424,0.3573
0.325075,0.158139,0.157409,0.359377
0.321173,0.168495,0.161478,0.348854
0.339635,0.151623,0.155672,0.35307
0.329343,0.167782,0.155584,0.347291
0.335447,0.156543,0.150969,0.357041
0.336466,0.156522,0.155814,0.351198
0.331437,0.156172,0.151581,0.36081
0.331947,0.145857,0.152873,0.369323
0.335807,0.141681,0.150345,0.372167
0.332947,0.144879,0.149309,0.372865
0.335228,0.144561,0.151886,0.368325
0.334462,0.142413,0.15514,0.367985
0.333914,0.139289,0.157943,0.368855
0.328978,0.148625,0.154693,0.367704
0.335011,0.139533,0.157447,0.368008
0.338538,0.13143,0.150835,0.379197
0.34444,0.121083,0.144353,0.390123
0.342064,0.116225,0.140932,0.400779
0.343117,0.110285,0.14223,0.404367
0.342731,0.108345,0.139659,0.409265
0.338491,0.110915,0.145264,0.405329
0.334684,0.112374,0.142799,0.410143
0.328495,0.111948,0.144884,0.414673
0.325356,0.113863,0.14539,0.415391
0.328175,0.118632,0.148316,0.404877
0.326874,0.115686,0.149912,0.407528
0.320751,0.119551,0.154645,0.405052
0.323524,0.114296,0.154742,0.407437
0.318368,0.116514,0.152779,0.412338
0.3112,0.12058,0.157776,0.410444
0.302177,0.119986,0.155935,0.421903
0.315755,0.118641,0.159721,0.405883
0.330886,0.117564,0.148972,0.402578
0.34948,0.114375,0.150657,0.385488
0.337538,0.119212,0.150291,0.392958
0.343341,0.120736,0.153222,0.382701
0.337651,0.12644,0.161372,0.374537
0.35308,0.123289,0.157031,0.3666
0.351713,0.128447,0.164834,0.355005
0.359317,0.127281,0.165205,0.348198
0.365131,0.126049,0.164423,0.344397
0.370668,0.132733,0.160032,0.336567
0.3809,0.134989,0.160604,0.323507
0.38046,0.138538,0.162954,0.318048
0.370375,0.135668,0.159525,0.334432
0.384276,0.139922,0.155964,0.319838
0.395402,0.138309,0.151975,0.314314
0.387253,0.133684,0.150854,0.32821
0.406549,0.146224,0.148643,0.298584
0.400448,0.13312,0.151037,0.315395
0.411007,0.130318,0.149285,0.309389
0.405663,0.120699,0.148524,0.325115
0.403306,0.125022,0.146549,0.325123
0.40391,0.118284,0.144698,0.333107
0.401986,0.120003,0.146461,0.33155
0.386294,0.119168,0.146994,0.347544
0.392036,0.114931,0.148934,0.344098
0.378923,0.117161,0.15329,0.350626
0.379638,0.116187,0.147204,0.356971
0.358938,0.120632,0.144803,0.375627
0.34533,0.117218,0.14691,0.390542
0.34055,0.120006,0.144838,0.394606
0.334945,0.122487,0.150847,0.391721
0.326078,0.121603,0.145762,0.406557
0.323452,0.122696,0.147519,0.406333
0.324456,0.123501,0.149527,0.402515
0.321646,0.131619,0.151918,0.394817
0.314956,0.132789,0.158453,0.393802
0.318677,0.131035,0.157059,0.39323
0.313728,0.132819,0.155479,0.397974
0.308011,0.13082,0.158127,0.403042
0.317693,0.130769,0.153281,0.398258
0.324321,0.132716,0.14826,0.394703
0.329175,0.124414,0.147545,0.398865
0.329115,0.122401,0.147963,0.400521
0.3372,0.127314,0.152044,0.383442
0.329878,0.132329,0.153738,0.384055
0.328698,0.139789,0.159697,0.371816
0.311802,0.143281,0.15653,0.388386
0.331936,0.134802,0.15982,0.373441
0.33252,0.142763,0.154071,0.370646
0.352653,0.14272,0.152169,0.352457
0.367998,0.143262,0.153254,0.335485
0.369042,0.141396,0.149197,0.340364
0.364575,0.147767,0.150744,0.336914
0.353708,0.155402,0.151228,0.339662
0.347389,0.151214,0.153477,0.347921
0.353902,0.140798,0.153176,0.352125
0.358667,0.139777,0.147664,0.353891
0.357964,0.144367,0.151708,0.345961
0.348901,0.150858,0.150466,0.349775
0.354233,0.155291,0.151181,0.339294
0.320218,0.166604,0.146072,0.367106
0.320703,0.164444,0.154471,0.360382
0.330719,0.15939,0.158417,0.351475
0.32657,0.161149,0.156489,0.355793
0.31195,0.1632,0.158576,0.366274
0.332694,0.161997,0.144417,0.360892
0.335744,0.153611,0.154561,0.356085
0.333126,0.156137,0.153805,0.356932
0.319394,0.157547,0.150885,0.372174
0.319226,0.148108,0.149095,0.38357
0.324653,0.146665,0.147578,0.381104
0.320052,0.148213,0.153294,0.378442
0.317394,0.138731,0.145801,0.398074
0.316587,0.139023,0.148044,0.396346
0.316762,0.137993,0.150205,0.39504
0.30079,0.136841,0.145135,0.417233
0.296026,0.141225,0.151455,0.411293
0.296576,0.137591,0.150772,0.415061
0.303268,0.132025,0.153572,0.411135
0.306051,0.139188,0.153336,0.401426
0.293301,0.13864,0.158699,0.40936
0.295515,0.136503,0.150274,0.417708
0.295209,0.139704,0.148854,0.416233
0.296548,0.147067,0.155449,0.400936
0.304784,0.140448,0.146337,0.408431
0.289192,0.149211,0.158737,0.40286
0.295883,0.138008,0.150713,0.415396
0.295505,0.133695,0.147332,0.423468
0.305372,0.138168,0.147365,0.409095
0.297056,0.135673,0.15221,0.415061
0.305639,0.139781,0.150538,0.404042
0.299089,0.135006,0.145493,0.420412
0.303023,0.139126,0.154826,0.403025
0.328519,0.138794,0.151127,0.38156
0.339203,0.12893,0.139272,0.392595
0.322143,0.13134,0.144571,0.401946
0.327767,0.122955,0.142325,0.406952
0.322084,0.123094,0.138128,0.416695
0.324056,0.125298,0.137747,0.412899
0.306659,0.128148,0.14104,0.424152
0.301958,0.148748,0.139601,0.409693
0.286631,0.139264,0.142731,0.431374
0.294974,0.14324,0.14045,0.421336
0.297465,0.138343,0.143375,0.420817
0.299562,0.131419,0.135303,0.433715
0.308615,0.129978,0.136711,0.424696
0.286097,0.129768,0.129986,0.454149
0.2881,0.131786,0.134177,0.445936
0.290742,0.130061,0.134428,0.444769
0.282538,0.129612,0.135097,0.452752
0.28471,0.125317,0.131417,0.458556
0.292106,0.125668,0.130165,0.452062
0.287605,0.123866,0.123008,0.465522
0.285314,0.122245,0.120232,0.472209
0.276444,0.117768,0.117633,0.488155
0.276563,0.131709,0.116518,0.47521
0.276441,0.128164,0.121024,0.474371
0.274695,0.129539,0.118649,0.477117
0.275683,0.131308,0.117661,0.475348
0.269463,0.136351,0.120685,0.473501
0.272237,0.130655,0.119422,0.477686
0.270817,0.128849,0.112844,0.487489
0.271113,0.129923,0.111358,0.487606
0.272026,0.136239,0.122696,0.46904
0.270009,0.134225,0.12397,0.471796
0.261792,0.121108,0.115257,0.501843
0.256769,0.125055,0.119821,0.498355
0.261628,0.13231,0.121276,0.484787
0.269007,0.132453,0.125966,0.472574
0.274166,0.128925,0.125795,0.471114
0.276435,0.138831,0.122659,0.462076
0.290707,0.138246,0.127113,0.443934
0.286341,0.137254,0.127774,0.448631
0.284153,0.131315,0.132629,0.451903
0.295583,0.141605,0.136519,0.426293
0.289787,0.12981,0.139962,0.440441
0.297768,0.128425,0.133016,0.440791
0.29995,0.138847,0.138147,0.423056
0.303712,0.128517,0.136861,0.43091
0.315498,0.128277,0.126724,0.429502
0.302154,0.129391,0.125137,0.443318
0.306748,0.131271,0.122704,0.439277
0.292189,0.131157,0.126138,0.450516
0.313216,0.124751,0.121633,0.4404
0.323639,0.127174,0.11996,0.429227
0.307878,0.136525,0.134584,0.421014
0.307132,0.136709,0.124416,0.431744
0.31624,0.133549,0.127944,0.422267
0.311861,0.126242,0.12254,0.439356
0.313636,0.132154,0.124346,0.429864
0.326388,0.134021,0.127928,0.411664
0.325165,0.125404,0.124,0.425431
0.314486,0.123967,0.126392,0.435154
0.309945,0.12961,0.127931,0.432515
0.318919,0.134599,0.134844,0.411639
0.309029,0.15054,0.146885,0.393546
0.31143,0.14222,0.141638,0.404712
0.333502,0.142206,0.141277,0.383015
0.320996,0.139883,0.141309,0.397812
0.326577,0.142394,0.137879,0.39315
0.342373,0.137824,0.135986,0.383817
0.336629,0.138324,0.135667,0.389381
0.322743,0.157216,0.139929,0.380112
0.339441,0.144466,0.135602,0.380491
0.328269,0.151255,0.134739,0.385738
0.330971,0.141814,0.132236,0.394979
0.326566,0.146029,0.132317,0.395087
0.328815,0.147235,0.133331,0.39062
0.343336,0.137943,0.132671,0.38605
0.333442,0.142575,0.136991,0.386992
0.331719,0.148397,0.136414,0.38347
0.335432,0.153642,0.141334,0.369592
0.336358,0.148638,0.140849,0.374154
0.353854,0.149723,0.138344,0.358079
0.352237,0.14615,0.136873,0.36474
0.348062,0.143896,0.133171,0.374871
0.35277,0.14547,0.13029,0.37147
0.350427,0.148685,0.130956,0.369933
0.368905,0.146775,0.12765,0.35667
0.370352,0.138962,0.128584,0.362102
0.351888,0.142375,0.129881,0.375856
0.348155,0.14295,0.132879,0.376016
0.355448,0.141141,0.12787,0.375542
0.358683,0.143398,0.132654,0.365265
0.356809,0.1417,0.1331,0.368391
0.361381,0.14696,0.140153,0.351506
0.360298,0.147024,0.137734,0.354943
0.347528,0.148505,0.145829,0.358138
0.344162,0.148106,0.141808,0.365925
0.346313,0.159842,0.153141,0.340705
0.343507,0.145662,0.154106,0.356725
0.349999,0.145718,0.150674,0.353609
0.320909,0.160217,0.158781,0.360093
0.340153,0.143056,0.157017,0.359774
0.343665,0.145219,0.154071,0.357045
0.346058,0.143711,0.148618,0.361613
0.3375,0.141365,0.148314,0.372821
0.336416,0.14765,0.156026,0.359909
0.338776,0.143722,0.154839,0.362663
0.332138,0.143104,0.149315,0.375443
0.338256,0.142108,0.147884,0.371752
0.344495,0.135606,0.147272,0.372626
0.335146,0.147123,0.153512,0.364219
0.325148,0.14126,0.152109,0.381483
0.312122,0.137686,0.149289,0.400903
0.324547,0.138783,0.154684,0.381986
0.33822,0.131747,0.149014,0.381019
0.341816,0.137288,0.146971,0.373925
0.339225,0.127534,0.150812,0.382429
0.333352,0.122719,0.146777,0.397152
0.33136,0.131074,0.155104,0.382461
0.30799,0.133329,0.148755,0.409926
0.306679,0.130233,0.151163,0.411925
0.309434,0.126465,0.14966,0.414441
0.315628,0.121495,0.14427,0.418607
0.320954,0.129196,0.154057,0.395793
0.314431,0.126648,0.155801,0.403121
0.327246,0.129763,0.150613,0.392378
0.319893,0.133101,0.149175,0.397831
0.320388,0.137444,0.153806,0.388362
0.338373,0.139326,0.154036,0.368264
0.332638,0.121366,0.148329,0.397667
0.339069,0.13207,0.150529,0.378331
0.345254,0.135759,0.151513,0.367474
0.344313,0.137123,0.15476,0.363803
0.340848,0.13823,0.156989,0.363934
0.329664,0.142998,0.160717,0.366621
0.325711,0.141293,0.164491,0.368505
0.329503,0.14162,0.158139,0.370738
0.340833,0.136404,0.166852,0.355911
0.345214,0.135079,0.161495,0.358212
0.343979,0.13706,0.154024,0.364937
0.345579,0.128752,0.163069,0.3626
0.339807,0.127604,0.158145,0.374444
0.345822,0.134194,0.151459,0.368526
0.335724,0.127299,0.158181,0.378797
0.349368,0.134069,0.157667,0.358895
0.329107,0.131143,0.161674,0.378076
0.324869,0.134021,0.16128,0.37983
0.334477,0.13552,0.16279,0.367213
0.35055,0.126271,0.158759,0.36442
0.352635,0.130828,0.157205,0.359332
0.344321,0.131346,0.154864,0.369469
0.339258,0.137837,0.155931,0.366974
0.342035,0.136726,0.156836,0.364403
0.345335,0.136414,0.166725,0.351526
0.350883,0.131092,0.159077,0.358949
0.347798,0.131645,0.163912,0.356645
0.350888,0.12659,0.158977,0.363546
0.344172,0.126679,0.161568,0.367582
0.336231,0.135044,0.163083,0.365643
0.335644,0.129298,0.156897,0.378161
0.328623,0.139384,0.161004,0.370988
0.324408,0.147145,0.169587,0.35886
0.326757,0.140728,0.16525,0.367265
0.339246,0.143846,0.162542,0.354366
0.338377,0.145712,0.161564,0.354347
0.311024,0.154309,0.168319,0.366347
0.317801,0.157084,0.163814,0.361301
0.311768,0.155822,0.165115,0.367295
0.331914,0.152783,0.161789,0.353513
0.329491,0.149832,0.162504,0.358173
0.323192,0.1539,0.157719,0.365189
0.332725,0.155086,0.160512,0.351677
0.318746,0.168226,0.164499,0.348529
0.329293,0.163195,0.165565,0.341947
0.33052,0.150279,0.162771,0.35643
0.333395,0.16429,0.162583,0.339733
0.332211,0.164151,0.160742,0.342897
0.318301,0.162564,0.16945,0.349685
0.313652,0.158942,0.171417,0.355989
0.326826,0.155339,0.172018,0.345817
0.334757,0.168704,0.164354,0.332185
0.321315,0.170007,0.170306,0.338371
0.333781,0.162706,0.168291,0.335222
0.316392,0.166482,0.172089,0.345038
0.314412,0.169351,0.170456,0.345782
0.322636,0.166531,0.163393,0.34744
0.325578,0.152282,0.1641,0.358039
0.330511,0.160144,0.163393,0.345952
0.326282,0.158217,0.16645,0.349051
0.328087,0.175176,0.172171,0.324567
0.318995,0.168037,0.167291,0.345677
0.328426,0.17429,0.170738,0.326546
0.345043,0.16248,0.159893,0.332584
0.372859,0.146615,0.156241,0.324285
0.370448,0.153122,0.154969,0.321462
0.35901,0.153158,0.154064,0.333768
0.351174,0.166763,0.155171,0.326892
0.351471,0.167387,0.154691,0.326452
0.350145,0.167377,0.160955,0.321523
0.339805,0.171392,0.158953,0.32985
0.345585,0.156266,0.168199,0.32995
0.338415,0.157214,0.16155,0.342821
0.330068,0.15963,0.160453,0.349848
0.317082,0.164063,0.162795,0.356061
0.304758,0.18096,0.163227,0.351055
0.314083,0.17698,0.160466,0.348472
0.320972,0.169975,0.169867,0.339185
0.312537,0.173484,0.16152,0.352459
0.307472,0.165167,0.174436,0.352925
0.321477,0.161867,0.172698,0.343958
0.326318,0.15963,0.17511,0.338942
0.331609,0.144291,0.159776,0.364323
0.334998,0.145691,0.155823,0.363489
0.336523,0.148632,0.156249,0.358596
0.328564,0.148109,0.158811,0.364515
0.334156,0.140391,0.157375,0.368078
0.337251,0.144409,0.157581,0.360758
0.337831,0.131924,0.149353,0.380892
0.342369,0.136388,0.15331,0.367934
0.326693,0.139717,0.154998,0.378591
0.339104,0.127837,0.151453,0.381605
0.333952,0.133298,0.152869,0.37988
0.330587,0.130298,0.159982,0.379132
0.322681,0.13256,0.161074,0.383685
0.332737,0.132181,0.161817,0.373265
0.330248,0.144096,0.168796,0.356859
0.332571,0.130391,0.15801,0.379028
0.320958,0.134698,0.160551,0.383793
0.321945,0.132449,0.163925,0.381681
0.32568,0.122567,0.153639,0.398113
0.325601,0.127185,0.160084,0.38713
0.329846,0.123497,0.157181,0.389476
0.327313,0.12958,0.159484,0.383623
0.327979,0.129858,0.157662,0.384501
0.324639,0.133654,0.164019,0.377688
0.327914,0.129164,0.164708,0.378213
0.337206,0.128521,0.160777,0.373495
0.352574,0.125958,0.165549,0.355919
0.349898,0.125735,0.164291,0.360076
0.341077,0.130238,0.160955,0.367729
0.336381,0.13006,0.167871,0.365688
0.333474,0.133321,0.16676,0.366444
0.340224,0.133131,0.159869,0.366776
0.354406,0.124679,0.158141,0.362774
0.352482,0.128571,0.162705,0.356243
0.345377,0.128314,0.163617,0.362692
0.345436,0.132759,0.163932,0.357873
0.329795,0.139455,0.161516,0.369234
0.341086,0.141487,0.163185,0.354242
0.335168,0.132442,0.160427,0.371963
0.330217,0.140337,0.157883,0.371563
0.327206,0.143451,0.163256,0.366087
0.332933,0.143612,0.158321,0.365134
0.337901,0.144305,0.153628,0.364166
0.331119,0.155675,0.15955,0.353656
0.340875,0.143881,0.156157,0.359087
0.333763,0.150407,0.153445,0.362385
0.343036,0.138405,0.152554,0.366004
0.332914,0.151214,0.155282,0.36059
0.334506,0.151263,0.158542,0.355689
0.340259,0.139234,0.157831,0.362675
0.338306,0.150293,0.157772,0.353629
0.351519,0.140139,0.157302,0.351041
0.350807,0.136894,0.15889,0.35341
0.348977,0.139294,0.154326,0.357402
0.343483,0.150985,0.158268,0.347263
0.337703,0.143747,0.164368,0.354182
0.336569,0.140562,0.170499,0.35237
0.328913,0.143146,0.170198,0.357743
0.313657,0.15764,0.173615,0.355088
0.323887,0.144852,0.171435,0.359826
0.327823,0.143859,0.170629,0.357689
0.330053,0.1412,0.165244,0.363502
0.328117,0.140667,0.170119,0.361097
0.32931,0.141873,0.176783,0.352035
0.324244,0.144713,0.169183,0.36186
0.335798,0.135586,0.169112,0.359504
0.32827,0.14952,0.17266,0.34955
0.329729,0.146575,0.17114,0.352557
0.328143,0.136686,0.165375,0.369796
0.325788,0.142866,0.168104,0.363242
0.331641,0.142509,0.167088,0.358762
0.336866,0.14459,0.164266,0.354277
0.345776,0.135709,0.157943,0.360572
0.335844,0.14265,0.164933,0.356573
0.345054,0.137174,0.162184,0.355587
0.341816,0.137666,0.158793,0.361725
0.356135,0.132979,0.156119,0.354766
0.368813,0.128685,0.159899,0.342603
0.368759,0.127256,0.162909,0.341076
0.378994,0.121422,0.156592,0.342992
0.366802,0.120458,0.156624,0.356115
0.357156,0.120692,0.162356,0.359795
0.3565,0.116921,0.156474,0.370106
0.363008,0.120047,0.15574,0.361205
0.35062,0.122217,0.15967,0.367493
0.349339,0.126796,0.162783,0.361083
0.344449,0.133717,0.162934,0.3589
0.349962,0.140176,0.164003,0.345859
0.357261,0.128702,0.159011,0.355026
0.349485,0.130659,0.157746,0.36211
0.356472,0.130767,0.157777,0.354984
0.360273,0.127207,0.151953,0.360567
0.364524,0.135678,0.154967,0.344832
0.357646,0.135556,0.154294,0.352504
0.349121,0.135611,0.159138,0.35613
0.350767,0.13454,0.155073,0.35962
0.358231,0.128349,0.157207,0.356214
0.355445,0.130465,0.156044,0.358046
0.361288,0.130189,0.156725,0.351799
0.352921,0.130105,0.1518,0.365174
0.34908,0.131459,0.153693,0.365768
0.345026,0.135057,0.155034,0.364882
0.346046,0.130458,0.155899,0.367597
0.351067,0.125663,0.154313,0.368957
0.348145,0.132059,0.158626,0.36117
0.339441,0.131243,0.162026,0.36729
0.335652,0.130993,0.158808,0.374547
0.335299,0.130306,0.154607,0.379787
0.341388,0.132565,0.156673,0.369374
0.34183,0.128328,0.153527,0.376315
0.339639,0.131162,0.157753,0.371446
0.342954,0.129295,0.149629,0.378122
0.329964,0.129202,0.153161,0.387673
0.327749,0.132803,0.157994,0.381454
0.338334,0.130414,0.150854,0.380397
0.339691,0.128392,0.150262,0.381655
0.33786,0.128947,0.146466,0.386727
0.346616,0.13035,0.14033,0.382704
0.348498,0.1252,0.136247,0.390055
