EUR=X,JPY=X,CHFUSD,GLD
0.36819,0.0544383,0.0974377,0.479934
0.352069,0.0452051,0.100114,0.502612
0.349708,0.0512998,0.114635,0.484358
0.330428,0.0477237,0.103681,0.518167
0.3341,0.0448483,0.109416,0.511635
0.330906,0.0385604,0.109479,0.521055
0.323211,0.03701,0.108584,0.531194
0.341759,0.0415809,0.117623,0.499038
0.326227,0.0434111,0.119362,0.511
0.346134,0.048617,0.135314,0.469936
0.320418,0.044303,0.139361,0.495918
0.333789,0.0379897,0.139394,0.488827
0.317974,0.0364361,0.13285,0.51274
0.307994,0.0317605,0.131716,0.52853
0.2941,0.034009,0.135052,0.53684
0.295487,0.0304255,0.141154,0.532934
0.291762,0.0346036,0.134717,0.538917
0.306567,0.0382646,0.129884,0.525285
0.32362,0.0386831,0.130524,0.507173
0.332883,0.0348839,0.117475,0.514758
0.323704,0.0337974,0.118199,0.5243
0.331523,0.0369854,0.121067,0.510424
0.315954,0.0383485,0.116925,0.528773
0.307129,0.0407753,0.120456,0.53164
0.302831,0.0455564,0.109376,0.542236
0.273271,0.046607,0.11136,0.568762
0.261875,0.0456962,0.0996854,0.592744
0.282003,0.043936,0.0919944,0.582067
0.30357,0.050724,0.0978142,0.547892
0.308044,0.0503763,0.0928823,0.548697
0.325287,0.0561819,0.0964219,0.522109
0.334206,0.0550757,0.0960363,0.514682
0.324404,0.0734335,0.0963033,0.505859
0.319142,0.0835191,0.094733,0.502606
0.30812,0.0831982,0.0995401,0.509142
0.310032,0.087683,0.105606,0.496679
0.306543,0.0813908,0.104703,0.507364
0.285027,0.0785265,0.0988077,0.537639
0.294385,0.0786379,0.0934054,0.533572
0.294308,0.0836891,0.0949021,0.5271
0.270916,0.0747315,0.107527,0.546825
0.286628,0.0768502,0.101171,0.53535
0.299655,0.0657765,0.101572,0.532997
0.290609,0.0667864,0.104057,0.538548
0.280475,0.0562561,0.103635,0.559634
0.292396,0.0546329,0.103462,0.549509
0.267192,0.0521823,0.107576,0.573049
0.251264,0.044295,0.113618,0.590823
0.256876,0.0464898,0.112209,0.584425
0.24402,0.0387405,0.103981,0.613259
0.236359,0.0378092,0.093702,0.63213
0.259819,0.0366272,0.0940859,0.609468
0.264077,0.0350646,0.0977549,0.603103
0.247197,0.0347966,0.0967218,0.621285
0.270151,0.0388069,0.104406,0.586636
0.259508,0.034355,0.102003,0.604134
0.239753,0.0326717,0.121638,0.605937
0.229411,0.0298434,0.129037,0.611708
0.209985,0.0268855,0.123115,0.640014
0.209161,0.0273195,0.113963,0.649557
0.206441,0.0278608,0.112854,0.652844
0.216515,0.0271131,0.109949,0.646423
0.228514,0.033392,0.111296,0.626798
0.243033,0.0370139,0.117018,0.602935
0.241887,0.0357015,0.125242,0.59717
0.232604,0.0395204,0.128292,0.599583
0.226356,0.0355692,0.118572,0.619503
0.249096,0.040482,0.112648,0.597774
0.233954,0.0400391,0.110561,0.615446
0.237968,0.037489,0.114005,0.610538
0.231544,0.0329249,0.129332,0.6062
0.246791,0.0355829,0.1393,0.578326
0.227438,0.0372061,0.141776,0.59358
0.246639,0.0409414,0.145058,0.567362
0.248284,0.0416034,0.134429,0.575684
0.254971,0.0350298,0.125948,0.584052
0.239107,0.0363773,0.134698,0.589818
0.237119,0.0331317,0.13797,0.59178
0.221083,0.0338935,0.155917,0.589106
0.242313,0.0373381,0.145901,0.574447
0.244888,0.0385642,0.140273,0.576276
0.237103,0.0414322,0.128514,0.592951
0.233335,0.0337685,0.120355,0.612541
0.241144,0.0350232,0.123971,0.599861
0.27089,0.0388403,0.132698,0.557572
0.273159,0.0371526,0.144325,0.545363
0.283883,0.0378634,0.138471,0.539782
0.275404,0.0362385,0.140876,0.547482
0.289898,0.0357238,0.15494,0.519438
0.285518,0.0325893,0.148189,0.533704
0.269662,0.0339184,0.141475,0.554945
0.25797,0.0305817,0.13535,0.576098
0.273525,0.0301236,0.132092,0.56426
0.259711,0.032141,0.125774,0.582374
0.253661,0.0292221,0.131204,0.585913
0.252303,0.0302252,0.130549,0.586922
0.253767,0.0314862,0.130429,0.584318
0.245588,0.0324196,0.128317,0.593675
0.260073,0.0310081,0.125747,0.583172
0.259272,0.0288625,0.105903,0.605962
0.25462,0.0285335,0.111653,0.605193
0.256613,0.0280522,0.10668,0.608654
0.248077,0.0272451,0.104659,0.620019
0.250041,0.0298473,0.102154,0.617958
0.257694,0.0308357,0.100902,0.610568
0.27885,0.032849,0.101078,0.587223
0.286902,0.0299449,0.0926854,0.590468
0.27397,0.0286167,0.0913105,0.606103
0.293647,0.031602,0.0990119,0.575739
0.301325,0.0352548,0.0970923,0.566327
0.288765,0.0373195,0.101101,0.572814
0.290763,0.0414559,0.102266,0.565515
0.3149,0.0440733,0.0968513,0.544176
0.288666,0.0436465,0.101884,0.565804
0.300218,0.0388424,0.0863718,0.574568
0.302259,0.0402596,0.0875394,0.569942
0.301271,0.0408599,0.0990976,0.558771
0.316612,0.0434316,0.0991922,0.540764
0.32024,0.0398356,0.0948811,0.545043
0.299686,0.0391199,0.0987176,0.562476
0.320083,0.0384098,0.100368,0.54114
0.306548,0.0367439,0.0987932,0.557915
0.299141,0.0340219,0.0935655,0.573271
0.270058,0.0331785,0.09671,0.600053
0.275518,0.0334384,0.097318,0.593726
0.254327,0.0318202,0.0986641,0.615189
0.274613,0.0338485,0.110617,0.580922
0.25272,0.0327032,0.109562,0.605015
0.258235,0.0298509,0.0975957,0.614318
0.251902,0.029931,0.0878136,0.630353
0.24195,0.0299958,0.0918524,0.636202
0.232005,0.0264943,0.0901812,0.65132
0.225864,0.0255083,0.0982659,0.650362
0.204003,0.0265885,0.0960305,0.673378
0.215092,0.0286517,0.0988164,0.65744
0.215067,0.0259694,0.087258,0.671705
0.223329,0.0253719,0.0844769,0.666822
0.247704,0.0278743,0.0853364,0.639085
0.241892,0.0294375,0.0930067,0.635664
0.246308,0.0332252,0.0962274,0.624239
0.259024,0.0330816,0.0993098,0.608585
0.256405,0.0375261,0.116045,0.590024
0.265731,0.0371191,0.120071,0.577079
0.277224,0.0424772,0.120098,0.560201
0.258218,0.0451179,0.12284,0.573824
0.264744,0.0407027,0.129183,0.565371
0.256878,0.0425518,0.133448,0.567122
0.269078,0.0494955,0.132078,0.549349
0.28057,0.0505132,0.136603,0.532313
0.285423,0.0484848,0.139927,0.526165
0.298327,0.0560239,0.136929,0.50872
0.288522,0.053679,0.140349,0.51745
0.281674,0.050618,0.133634,0.534075
0.306352,0.054749,0.132455,0.506444
0.303137,0.0556916,0.125587,0.515584
0.281108,0.0489579,0.132031,0.537904
0.271026,0.0426059,0.138014,0.548354
0.260277,0.0441549,0.141796,0.553771
0.299096,0.0485709,0.139224,0.513109
0.281189,0.0465899,0.13941,0.532811
0.28863,0.0490698,0.138585,0.523715
0.295087,0.0437366,0.135362,0.525814
0.282323,0.0390755,0.12822,0.550381
0.26759,0.0393734,0.147518,0.545518
0.268344,0.0357601,0.15568,0.540216
0.263195,0.0344217,0.155394,0.546989
0.255737,0.0345331,0.162062,0.547667
0.233314,0.0285379,0.158299,0.579849
0.212193,0.0284738,0.154328,0.605006
0.214448,0.0303393,0.148921,0.606292
0.193518,0.024194,0.145299,0.636989
0.209466,0.0269181,0.151404,0.612212
0.218528,0.0271842,0.148203,0.606085
0.199322,0.0231374,0.15487,0.622671
0.198976,0.022415,0.162679,0.61593
0.196788,0.0255248,0.143622,0.634065
0.202663,0.0317541,0.148399,0.617184
0.204927,0.0331563,0.148487,0.613429
0.204166,0.0303709,0.154786,0.610677
0.19007,0.0289712,0.162066,0.618893
0.193705,0.0298626,0.159086,0.617346
0.216844,0.0319508,0.165836,0.585369
0.218912,0.0324588,0.162383,0.586246
0.223628,0.0345786,0.160619,0.581174
0.228059,0.037542,0.144211,0.590188
0.205593,0.0385851,0.129988,0.625834
0.197288,0.0334621,0.134509,0.634741
0.206647,0.03676,0.141277,0.615316
0.216692,0.0411179,0.136805,0.605385
0.211144,0.0407692,0.147643,0.600443
0.224936,0.0414081,0.147483,0.586173
0.242146,0.0378248,0.150929,0.5691
0.261802,0.0403799,0.156958,0.540861
0.240697,0.0397669,0.151069,0.568467
0.249912,0.040115,0.170886,0.539088
0.249933,0.0403851,0.175079,0.534602
0.234662,0.034,0.177292,0.554047
0.250795,0.0315827,0.148102,0.569521
0.252048,0.0309335,0.176024,0.540994
0.259918,0.0350604,0.16469,0.540331
0.268113,0.0335584,0.167206,0.531123
0.269565,0.0417826,0.159474,0.529178
0.272209,0.0326001,0.187908,0.507283
0.260031,0.036021,0.172023,0.531924
0.283259,0.038909,0.179342,0.49849
0.276145,0.0345974,0.166599,0.522659
0.246682,0.0325248,0.181807,0.538986
0.238055,0.0357723,0.183814,0.542359
0.262748,0.0345937,0.191553,0.511105
0.250437,0.0324622,0.199056,0.518044
0.251843,0.0339059,0.194725,0.519527
0.262759,0.033212,0.196049,0.50798
0.266919,0.0375263,0.189307,0.506248
0.25104,0.038671,0.195583,0.514706
0.257137,0.0440107,0.199223,0.499629
0.258539,0.0476634,0.198817,0.49498
0.270182,0.0468683,0.217435,0.465514
0.245013,0.0459234,0.211493,0.497571
0.266764,0.0512972,0.197897,0.484042
0.265902,0.049186,0.198913,0.485998
0.252554,0.0511231,0.190581,0.505742
0.262714,0.0506561,0.198288,0.488342
0.258234,0.0556073,0.187722,0.498436
0.249412,0.0545552,0.184751,0.511282
0.260219,0.0611833,0.182444,0.496154
0.255833,0.0612667,0.18472,0.49818
0.281875,0.0696217,0.171939,0.476564
0.269157,0.0665785,0.184313,0.479951
0.272729,0.0611937,0.186876,0.479201
0.275343,0.0616668,0.199404,0.463586
0.281703,0.0538387,0.202232,0.462226
0.273176,0.0602353,0.210356,0.456233
0.294984,0.0663729,0.215494,0.42315
0.284667,0.0667292,0.209915,0.438689
0.289673,0.0667014,0.209062,0.434564
0.302772,0.0678196,0.210474,0.418934
0.302749,0.0667694,0.188741,0.441741
0.302733,0.0680783,0.199761,0.429428
0.326122,0.0652542,0.19826,0.410363
0.343963,0.0682118,0.203981,0.383844
0.340554,0.0719348,0.225401,0.36211
0.317281,0.0641864,0.217559,0.400973
0.328404,0.0719925,0.218983,0.380621
0.335394,0.0765086,0.223119,0.364979
0.335912,0.0785719,0.237132,0.348384
0.345343,0.082215,0.231019,0.341423
0.345997,0.0778422,0.224047,0.352114
0.348829,0.0785445,0.23382,0.338807
0.34531,0.0672616,0.235181,0.352247
0.345953,0.071427,0.223014,0.359606
0.340723,0.0774924,0.230936,0.350848
0.343441,0.0805979,0.228102,0.347859
0.345671,0.0826861,0.217628,0.354015
0.304933,0.0724912,0.230379,0.392196
0.284835,0.0670287,0.23436,0.413776
0.280784,0.0654458,0.224262,0.429508
0.291516,0.0676229,0.225889,0.414972
0.2817,0.0694101,0.21355,0.435339
0.28215,0.0619398,0.206721,0.44919
0.293847,0.0635807,0.201863,0.44071
0.27906,0.0569705,0.203124,0.460846
0.276468,0.0602098,0.199044,0.464278
0.279172,0.0552647,0.223754,0.441808
0.259719,0.0583702,0.228158,0.453753
0.272334,0.0618447,0.231074,0.434748
0.276505,0.0597431,0.237109,0.426643
0.284219,0.0588794,0.228972,0.42793
0.302133,0.0671054,0.228329,0.402432
0.299788,0.0642262,0.235483,0.400503
0.313917,0.0678738,0.231431,0.386779
0.314204,0.0675011,0.24053,0.377765
0.298933,0.0572472,0.26817,0.37565
0.31101,0.0643563,0.254467,0.370166
0.303873,0.0644727,0.248123,0.383531
0.320308,0.0637665,0.233243,0.382683
0.323183,0.0660074,0.226967,0.383843
0.322741,0.0662024,0.209036,0.40202
0.311144,0.0547697,0.22298,0.411106
0.328342,0.0586984,0.19959,0.41337
0.318067,0.0592601,0.207474,0.415199
0.312566,0.0592797,0.220088,0.408066
0.322986,0.061547,0.228534,0.386933
0.318528,0.0565882,0.223069,0.401815
0.322227,0.0638139,0.22352,0.39044
0.315461,0.0552245,0.223407,0.405907
0.304339,0.0528971,0.21369,0.429074
0.301973,0.055418,0.203551,0.439058
0.322722,0.050183,0.200335,0.42676
0.312177,0.0536143,0.198049,0.43616
0.330077,0.0520627,0.182184,0.435677
0.331557,0.0497205,0.187835,0.430888
0.35031,0.0535269,0.17349,0.422673
0.34259,0.0573477,0.197615,0.402448
0.349766,0.0544054,0.188994,0.406835
0.324112,0.0490525,0.187271,0.439565
0.322487,0.0511882,0.191393,0.434932
0.324134,0.0544892,0.180713,0.440664
0.332888,0.0614539,0.166749,0.43891
0.324655,0.0544273,0.1556,0.465318
0.3348,0.0573885,0.151952,0.455859
0.359158,0.0600864,0.14177,0.438986
0.35256,0.0513881,0.143031,0.453021
0.340817,0.0491879,0.147114,0.462882
0.351802,0.0522152,0.146174,0.449809
0.373003,0.0578496,0.157491,0.411657
0.343395,0.0618804,0.15462,0.440104
0.337447,0.0585427,0.15259,0.45142
0.321657,0.0593796,0.141754,0.477209
0.318658,0.0624037,0.150081,0.468857
0.330699,0.0607578,0.141943,0.4666
0.336584,0.063671,0.154866,0.444879
0.361091,0.0633943,0.140615,0.434899
0.387037,0.0637983,0.146708,0.402457
0.395694,0.0650283,0.135848,0.40343
0.387411,0.0653943,0.139206,0.407989
0.390524,0.0624077,0.136224,0.410845
0.35879,0.0548478,0.140728,0.445634
0.343355,0.0566066,0.160932,0.439106
0.322101,0.0611003,0.183918,0.43288
0.311736,0.0636914,0.173571,0.451001
0.324473,0.0655617,0.170731,0.439234
0.333733,0.056633,0.151879,0.457756
0.362651,0.0722418,0.149834,0.415273
0.364466,0.0706686,0.157326,0.40754
0.361519,0.0682661,0.157362,0.412853
0.392277,0.0651918,0.144063,0.398468
0.351437,0.0600969,0.139516,0.44895
0.346603,0.067409,0.138478,0.44751
0.366711,0.0675519,0.136916,0.428821
0.343307,0.0631914,0.138038,0.455464
0.365885,0.067315,0.12838,0.43842
0.356814,0.0728963,0.144567,0.425723
0.372867,0.0704892,0.132401,0.424243
0.347945,0.0583804,0.146442,0.447233
0.345562,0.0601034,0.140254,0.454081
0.343064,0.0589613,0.146594,0.451381
0.365107,0.0651598,0.145741,0.423992
0.31243,0.0574324,0.169766,0.460372
0.35056,0.0608098,0.132668,0.455962
0.335589,0.0653695,0.135773,0.463269
0.339045,0.0647673,0.133191,0.462996
0.351515,0.0717435,0.130324,0.446417
0.359313,0.0635667,0.125893,0.451227
0.353639,0.0663923,0.133321,0.446648
0.351435,0.0651723,0.124738,0.458655
0.345944,0.0607398,0.120116,0.4732
0.347166,0.0547154,0.142291,0.455828
0.318408,0.0543163,0.14492,0.482355
0.301189,0.0566424,0.137323,0.504846
0.294131,0.0551437,0.148104,0.502621
0.282243,0.0529962,0.136445,0.528316
0.284024,0.0504679,0.132261,0.533247
0.28201,0.0475986,0.134589,0.535803
0.301664,0.050417,0.131758,0.516161
0.28213,0.0495844,0.136312,0.531974
0.264911,0.0516534,0.133387,0.550049
0.284977,0.0471421,0.141989,0.525893
0.283328,0.0506452,0.157834,0.508192
0.240872,0.0410166,0.127475,0.590636
0.241276,0.0373075,0.131116,0.5903
0.232859,0.0374773,0.122745,0.606919
0.225248,0.0390872,0.129853,0.605811
0.23126,0.041603,0.141618,0.585519
0.240262,0.0372859,0.139816,0.582636
0.235979,0.0378294,0.150969,0.575222
0.251403,0.0405239,0.153133,0.554941
0.260424,0.0484448,0.139912,0.551219
0.264725,0.0464649,0.152322,0.536488
0.2531,0.0455736,0.157932,0.543395
0.246448,0.0463116,0.153149,0.554091
0.241638,0.0471119,0.151829,0.559421
0.207269,0.0461748,0.158706,0.58785
0.221977,0.0467746,0.160758,0.570491
0.222056,0.0489429,0.163753,0.565248
0.223306,0.0561829,0.173488,0.547024
0.261437,0.0648563,0.178615,0.495092
0.276659,0.0658489,0.165791,0.4917
0.280574,0.066054,0.152552,0.50082
0.306176,0.0646046,0.169299,0.45992
0.298364,0.0606738,0.166412,0.474551
0.292563,0.0596839,0.166488,0.481265
0.260582,0.049212,0.173855,0.516352
0.250612,0.0539801,0.168774,0.526634
0.250874,0.0505906,0.163533,0.535002
0.265005,0.0513297,0.163044,0.520621
0.239327,0.0463844,0.164182,0.550107
0.257687,0.0461327,0.159979,0.536202
0.258088,0.0494336,0.144392,0.548087
0.277243,0.0622517,0.143239,0.517267
0.267163,0.0610776,0.157733,0.514026
0.270727,0.0578136,0.150528,0.520931
0.264543,0.067121,0.168733,0.499603
0.254026,0.0654503,0.166856,0.513667
0.267847,0.0638312,0.167571,0.500751
0.283068,0.0603778,0.170974,0.48558
0.28325,0.056964,0.151555,0.508231
0.289643,0.0536349,0.154723,0.501999
0.318503,0.055649,0.161522,0.464326
0.3009,0.0547687,0.142777,0.501553
0.279789,0.0602342,0.142992,0.516985
0.290501,0.0536881,0.151736,0.504075
0.270188,0.0616718,0.156906,0.511233
0.249267,0.0578587,0.15726,0.535615
0.248411,0.0535153,0.156369,0.541705
0.264788,0.0519433,0.164276,0.518993
0.260283,0.0529185,0.157883,0.528916
0.279961,0.050808,0.156522,0.512709
0.279066,0.0531376,0.155905,0.511892
0.272786,0.0481597,0.139749,0.539306
0.25476,0.0491405,0.170749,0.525351
0.264295,0.0489835,0.166716,0.520005
0.257081,0.0500464,0.173287,0.519585
0.250708,0.0541129,0.14849,0.546688
0.29144,0.0555555,0.160749,0.492255
0.309328,0.0589644,0.165639,0.466069
0.302477,0.0545146,0.164689,0.47832
0.323511,0.0531,0.15205,0.471339
0.319519,0.0564662,0.158147,0.465867
0.306327,0.0572689,0.18307,0.453334
0.306029,0.0652121,0.19264,0.436119
0.318044,0.0634811,0.198315,0.420159
0.318703,0.0570863,0.181464,0.442746
0.295098,0.0511049,0.194635,0.459162
0.310849,0.0553938,0.179271,0.454486
0.311549,0.0537908,0.165104,0.469556
0.275195,0.0485953,0.173432,0.502778
0.273182,0.0541685,0.187383,0.485266
0.287631,0.0546803,0.17262,0.485069
0.267786,0.0449182,0.173056,0.51424
0.260316,0.0453306,0.166678,0.527675
0.269078,0.0453595,0.17191,0.513653
0.267092,0.0413721,0.169969,0.521567
0.279233,0.0448885,0.171406,0.504473
0.296456,0.0448363,0.142434,0.516273
0.291962,0.0429551,0.147134,0.517948
0.268757,0.0381681,0.150955,0.54212
0.252683,0.0410496,0.150826,0.555441
0.237585,0.0430987,0.135195,0.584121
0.232289,0.0435815,0.129487,0.594642
0.238829,0.0483915,0.144207,0.568573
0.280688,0.0534315,0.122347,0.543534
0.276756,0.0506072,0.166136,0.5065
0.29862,0.0576731,0.1525,0.491207
0.262901,0.0592271,0.161926,0.515946
0.301258,0.0604324,0.158282,0.480027
0.295725,0.0716233,0.168398,0.464253
0.281761,0.0579092,0.173815,0.486515
0.268547,0.0541428,0.175451,0.50186
0.285909,0.0612876,0.149282,0.503521
0.302269,0.0650577,0.145534,0.487139
0.306194,0.0697841,0.137128,0.486894
0.329988,0.0769137,0.141822,0.451276
0.321918,0.0675747,0.138174,0.472334
0.30384,0.06516,0.135866,0.495134
0.290852,0.0607639,0.147586,0.500799
0.267958,0.0553867,0.158663,0.517993
0.276683,0.0565841,0.166876,0.499857
0.255792,0.0485593,0.176407,0.519242
0.256551,0.0414215,0.170406,0.531622
0.269204,0.0432496,0.171273,0.516274
0.273363,0.043236,0.172739,0.510663
0.297044,0.0448731,0.168934,0.489148
0.314224,0.0586687,0.168438,0.45867
0.300549,0.0590305,0.173135,0.467285
0.28111,0.0596325,0.18394,0.475318
0.271937,0.0537912,0.180651,0.49362
0.272952,0.0544566,0.169864,0.502727
0.299678,0.0666596,0.165576,0.468087
0.323952,0.0698853,0.155585,0.450578
0.32766,0.0706926,0.160887,0.44076
0.306793,0.06259,0.15888,0.471737
0.298816,0.0628684,0.155134,0.483181
0.290681,0.0538734,0.168113,0.487332
0.261934,0.0566254,0.174178,0.507263
0.236716,0.0553773,0.179168,0.528738
0.254392,0.0588875,0.184208,0.502513
0.265524,0.0529288,0.168631,0.512916
0.265496,0.0496927,0.175354,0.509458
0.308044,0.0576087,0.179426,0.454921
0.325157,0.0619993,0.164269,0.448575
0.326042,0.069594,0.174524,0.42984
0.302969,0.0673542,0.163303,0.466375
0.315223,0.0578288,0.153275,0.473673
0.275195,0.0571381,0.151836,0.515831
0.280044,0.0548075,0.162442,0.502707
0.29286,0.0574091,0.155077,0.494654
0.307067,0.0536395,0.164159,0.475134
0.295406,0.0535803,0.173192,0.477822
0.332435,0.0545999,0.16982,0.443145
0.332855,0.0592521,0.16555,0.442344
0.329871,0.0613546,0.160353,0.448422
0.323304,0.0582928,0.175189,0.443214
0.328554,0.0602601,0.147852,0.463334
0.284783,0.0559001,0.153911,0.505406
0.28439,0.0597502,0.182423,0.473438
0.292894,0.0541162,0.176352,0.476639
0.328468,0.0590354,0.179661,0.432836
0.323255,0.0545856,0.150189,0.47197
0.345295,0.0557975,0.155689,0.443219
0.356775,0.0615476,0.161763,0.419915
0.348514,0.0580175,0.157982,0.435486
0.325681,0.0516744,0.152301,0.470343
0.335753,0.0463456,0.150574,0.467327
0.297655,0.0448539,0.168633,0.488858
0.294862,0.0477057,0.143812,0.51362
0.315058,0.0488444,0.156323,0.479775
0.33726,0.0484852,0.147598,0.466657
0.311975,0.0474062,0.169514,0.471104
0.306389,0.045501,0.170365,0.477745
0.319642,0.0424334,0.173915,0.46401
0.303214,0.0435122,0.169745,0.483529
0.316119,0.0444425,0.177308,0.462131
0.306758,0.0456452,0.173239,0.474358
0.285875,0.0472298,0.187677,0.479218
0.294184,0.0492726,0.181476,0.475067
0.316645,0.0508945,0.169205,0.463255
0.333571,0.0495777,0.161546,0.455306
0.313382,0.0536562,0.158908,0.474054
0.324736,0.0576547,0.155079,0.46253
0.330247,0.0540698,0.152783,0.462901
0.298179,0.0521878,0.161404,0.48823
0.287144,0.0488932,0.155815,0.508147
0.287416,0.0416457,0.160214,0.510724
0.290018,0.0453906,0.178495,0.486097
0.29543,0.0494307,0.16549,0.48965
0.32376,0.0572111,0.166667,0.452361
0.308873,0.0500711,0.160135,0.480921
0.297313,0.0533808,0.152871,0.496435
0.288156,0.0596509,0.166594,0.485599
0.326762,0.0603843,0.15431,0.458543
0.332718,0.0605087,0.160979,0.445794
0.31828,0.0560654,0.166992,0.458663
0.343121,0.0662934,0.161206,0.429379
0.346221,0.0686637,0.18127,0.403845
0.337415,0.0674087,0.1716,0.423576
0.321815,0.0667217,0.172207,0.439255
0.308436,0.0678981,0.178847,0.444819
0.305134,0.0674763,0.169022,0.458367
0.295092,0.0599575,0.180573,0.464377
0.292708,0.0562702,0.176809,0.474212
0.304393,0.0633762,0.18566,0.446571
0.304274,0.0716479,0.18737,0.436708
0.281691,0.0609284,0.180332,0.477048
0.311524,0.0727677,0.188893,0.426815
0.304864,0.0621879,0.175601,0.457347
0.306852,0.067234,0.173975,0.451939
0.311678,0.0669404,0.167074,0.454308
0.309708,0.0670026,0.168932,0.454357
0.277611,0.0625871,0.181984,0.477818
0.295772,0.068553,0.176878,0.458797
0.272263,0.0575167,0.179026,0.491194
0.266827,0.0597821,0.189435,0.483956
0.259228,0.049626,0.181562,0.509584
0.267574,0.0527379,0.176838,0.502851
0.270399,0.0557104,0.170133,0.503758
0.264398,0.0537564,0.179319,0.502527
0.271244,0.0546117,0.175877,0.498267
0.255265,0.0498984,0.186197,0.50864
0.225716,0.0499816,0.187416,0.536886
0.235953,0.0497976,0.184238,0.530011
0.256663,0.0625506,0.180193,0.500593
0.254076,0.0606661,0.174856,0.510402
0.252541,0.0595249,0.18855,0.499383
0.259781,0.0590717,0.179709,0.501438
0.253655,0.0624522,0.177177,0.506716
0.256381,0.0620256,0.190234,0.491359
0.262095,0.0601294,0.20147,0.476306
0.250058,0.0597382,0.199372,0.490832
0.256675,0.0680072,0.218268,0.45705
0.267534,0.061621,0.201702,0.469143
0.2581,0.0589418,0.201792,0.481167
0.241283,0.0531994,0.211577,0.49394
0.242824,0.0513961,0.19277,0.51301
0.282197,0.0629926,0.203119,0.451692
0.283255,0.0593121,0.20289,0.454542
0.25435,0.0538685,0.206255,0.485527
0.269506,0.061673,0.211512,0.457309
0.257936,0.0564793,0.217299,0.468286
0.267576,0.057502,0.217976,0.456946
0.254166,0.0545634,0.212048,0.479223
0.267113,0.0561983,0.223685,0.453004
0.243657,0.0571669,0.239224,0.459953
0.257955,0.0586991,0.216911,0.466435
0.26291,0.0577431,0.217727,0.46162
0.256761,0.0540005,0.221953,0.467285
0.269565,0.065033,0.229906,0.435496
0.28474,0.0565817,0.230528,0.42815
0.315403,0.0615918,0.215131,0.407874
0.304641,0.0647381,0.239326,0.391295
0.29492,0.0597803,0.224435,0.420865
0.315092,0.0727882,0.204457,0.407663
0.296665,0.0701284,0.209354,0.423852
0.273062,0.0659546,0.192111,0.468872
0.297144,0.0749387,0.196141,0.431776
0.289101,0.072484,0.197628,0.440787
0.277169,0.0742913,0.200186,0.448353
0.298665,0.0714194,0.217788,0.412128
0.285689,0.0718009,0.193594,0.448916
0.302943,0.0779575,0.206426,0.412674
0.291862,0.0784692,0.226605,0.403064
0.296753,0.0892985,0.222564,0.391384
0.294325,0.095209,0.22704,0.383426
0.285306,0.0883681,0.229167,0.397159
0.270647,0.089567,0.23309,0.406696
0.283031,0.0903814,0.242514,0.384074
0.27399,0.0761135,0.221353,0.428544
0.297692,0.0866423,0.219288,0.396377
0.282649,0.08275,0.231579,0.403021
0.296298,0.0827484,0.237327,0.383626
0.289882,0.0806962,0.235304,0.394118
0.300404,0.0761769,0.237312,0.386107
0.289983,0.0885929,0.268292,0.353131
0.296747,0.0900523,0.257437,0.355764
0.309073,0.0950108,0.261054,0.334863
0.306453,0.102968,0.270359,0.32022
0.312099,0.101433,0.265663,0.320806
0.318905,0.105011,0.260013,0.316071
0.321744,0.096759,0.262521,0.318976
0.332965,0.0972929,0.259139,0.310603
0.320453,0.0955551,0.265336,0.318656
0.327476,0.0913957,0.264743,0.316385
0.334649,0.0928635,0.263856,0.308632
0.333986,0.0953736,0.272824,0.297816
0.332202,0.106636,0.290599,0.270562
0.334836,0.104277,0.282388,0.278498
0.327811,0.108386,0.28501,0.278793
0.343636,0.100453,0.285587,0.270324
0.345447,0.0934339,0.272417,0.288702
0.347315,0.0956111,0.285832,0.271242
0.353698,0.0930038,0.275429,0.27787
0.358683,0.089939,0.265469,0.28591
0.354892,0.0932887,0.271158,0.280662
0.358837,0.0856592,0.248655,0.306848
0.353262,0.0914496,0.265387,0.289901
0.354313,0.0872642,0.263352,0.295071
0.347788,0.0834295,0.272849,0.295933
0.350076,0.0897019,0.268674,0.291548
0.341373,0.0835543,0.284284,0.290789
0.348725,0.082965,0.272234,0.296076
0.350723,0.0929648,0.285039,0.271273
0.369759,0.0933412,0.261031,0.275868
0.358466,0.0948171,0.271805,0.274912
0.35774,0.0896572,0.25731,0.295293
0.354736,0.0833709,0.278035,0.283858
0.360487,0.0901233,0.271562,0.277827
0.345584,0.0832534,0.271977,0.299185
0.348101,0.083965,0.263121,0.304813
0.33421,0.0804974,0.240349,0.344943
0.338877,0.0849026,0.237104,0.339116
0.332835,0.0851754,0.25445,0.327539
0.318309,0.0816573,0.239795,0.360239
0.335385,0.0879674,0.24882,0.327827
0.341131,0.07711,0.245336,0.336422
0.336047,0.0819049,0.242175,0.339874
0.348218,0.0842589,0.23969,0.327833
0.328561,0.0815693,0.249127,0.340743
0.332423,0.0869893,0.254347,0.326241
0.325525,0.086158,0.272893,0.315424
0.329519,0.0844838,0.258663,0.327334
0.343055,0.0861415,0.273453,0.29735
0.351236,0.0903994,0.269788,0.288577
0.353377,0.0850341,0.274667,0.286921
0.366535,0.0904283,0.259532,0.283505
0.36597,0.0894136,0.258826,0.285791
0.374499,0.0995249,0.263584,0.262392
0.377756,0.0971338,0.258651,0.266459
0.373732,0.102293,0.2636,0.260375
0.370247,0.0924215,0.267221,0.270111
0.38611,0.106306,0.260998,0.246587
0.393283,0.0991034,0.262569,0.245045
0.387226,0.0839542,0.261736,0.267083
0.388668,0.0863021,0.264029,0.261002
0.405634,0.0735471,0.230819,0.29
0.408967,0.0747961,0.233627,0.28261
0.405266,0.0701533,0.226056,0.298525
0.409607,0.0795517,0.227158,0.283683
0.417531,0.0819638,0.215222,0.285283
0.375134,0.0750964,0.231159,0.31861
0.354037,0.0679257,0.236302,0.341735
0.343341,0.0724095,0.243602,0.340648
0.32317,0.0791751,0.258763,0.338892
0.333431,0.0729594,0.250085,0.343525
0.37344,0.0766459,0.207967,0.341947
0.370772,0.0701331,0.209018,0.350078
0.373601,0.0689767,0.203967,0.353456
0.362706,0.0688814,0.208692,0.359721
0.344555,0.0711978,0.218192,0.366055
0.342215,0.0621096,0.194439,0.401236
0.360323,0.0698632,0.197949,0.371865
0.351619,0.0684471,0.193654,0.38628
0.335489,0.0705313,0.217508,0.376472
0.353996,0.0772778,0.20504,0.363686
0.351974,0.0725776,0.204126,0.371322
0.345995,0.0765662,0.21629,0.361149
0.362191,0.0796823,0.203234,0.354893
0.376837,0.0803315,0.204113,0.338719
0.366667,0.085801,0.208885,0.338647
0.389896,0.0837258,0.195787,0.330591
0.387968,0.0853952,0.189951,0.336686
0.371225,0.086842,0.206326,0.335607
0.384125,0.090776,0.198034,0.327065
0.385744,0.0914602,0.208601,0.314195
0.361979,0.0896217,0.206692,0.341707
0.355249,0.0904133,0.214153,0.340185
0.371729,0.0949727,0.205129,0.32817
0.374908,0.0939365,0.207323,0.323832
0.390355,0.103533,0.206364,0.299747
0.370306,0.0887501,0.216749,0.324195
0.365355,0.0860953,0.217525,0.331025
0.370218,0.0814548,0.21908,0.329246
0.346548,0.0825359,0.221468,0.349448
0.352057,0.0833539,0.213296,0.351293
0.329573,0.0767729,0.237167,0.356487
0.322807,0.0742481,0.219231,0.383713
0.328661,0.0654274,0.202782,0.403129
0.347682,0.0773882,0.200362,0.374567
0.337747,0.0754368,0.213416,0.3734
0.339234,0.073034,0.207227,0.380505
0.32976,0.0643303,0.184132,0.421778
0.322676,0.0601345,0.186378,0.430812
0.318755,0.0596456,0.178086,0.443513
0.312632,0.0578438,0.166899,0.462626
0.287751,0.0483974,0.180885,0.482967
0.286613,0.0532932,0.200345,0.459749
0.30141,0.0518749,0.204471,0.442245
0.323247,0.0506899,0.215812,0.410251
0.339712,0.0566096,0.222914,0.380764
0.330351,0.053096,0.226428,0.390125
0.316014,0.0557341,0.259317,0.368935
0.321864,0.0606497,0.247296,0.37019
0.318925,0.0568334,0.233522,0.39072
0.311395,0.0576535,0.253953,0.376998
0.300846,0.0576284,0.246253,0.395273
0.321028,0.0655029,0.22749,0.385979
0.312624,0.0624158,0.234771,0.390189
0.319899,0.0607458,0.242818,0.376537
0.352147,0.0618826,0.223361,0.362609
0.359838,0.0679943,0.233513,0.338655
0.364165,0.0653166,0.216629,0.353889
0.371707,0.0618419,0.203881,0.36257
0.352443,0.0553107,0.206485,0.385762
0.336635,0.0538712,0.213572,0.395922
0.324402,0.0642286,0.214135,0.397234
0.322129,0.0569102,0.249569,0.371392
0.338205,0.0556573,0.235658,0.37048
0.353463,0.0560488,0.232028,0.35846
0.345972,0.0595984,0.230114,0.364315
0.369386,0.0477944,0.196331,0.386488
0.347176,0.0502743,0.176618,0.425932
0.345974,0.0495373,0.197082,0.407407
0.340485,0.0530713,0.168252,0.438192
0.338972,0.0562009,0.196686,0.408141
0.336464,0.0519484,0.200364,0.411223
0.3536,0.0540708,0.202954,0.389375
0.368223,0.0595777,0.177428,0.394771
0.370857,0.0571107,0.163729,0.408303
0.361358,0.0542902,0.160657,0.423695
0.347974,0.0558694,0.158406,0.437751
0.35863,0.061891,0.158462,0.421017
0.344119,0.0579562,0.15267,0.445255
0.339719,0.0601976,0.160479,0.439605
0.347749,0.0653719,0.167153,0.419726
0.334816,0.0548548,0.176951,0.433378
0.363719,0.0543354,0.170666,0.411279
0.340941,0.0565042,0.177086,0.425468
0.342979,0.0548359,0.162175,0.440011
0.352216,0.0648004,0.161364,0.421619
0.357756,0.0601085,0.150185,0.43195
0.354697,0.0634133,0.14551,0.436379
0.355086,0.0590098,0.143496,0.442409
0.371346,0.0604185,0.152014,0.416221
0.378357,0.0671507,0.155493,0.399
0.352134,0.0707563,0.14724,0.42987
0.375382,0.0706819,0.149783,0.404154
0.376729,0.0624231,0.141856,0.418992
0.367448,0.0638807,0.141884,0.426787
0.347211,0.0659201,0.158441,0.428428
0.356492,0.0672607,0.162242,0.414005
0.325418,0.0594065,0.182356,0.43282
0.335572,0.0623601,0.185334,0.416734
0.334245,0.0643675,0.186378,0.41501
0.354318,0.0719373,0.180911,0.392833
0.346198,0.0613518,0.197949,0.394501
0.344135,0.0621661,0.184288,0.409412
0.360949,0.0671555,0.178448,0.393448
0.342901,0.0707929,0.160151,0.426155
0.344193,0.0621077,0.169921,0.423778
0.351408,0.0659412,0.143063,0.439589
0.375731,0.0644076,0.157216,0.402646
0.376567,0.0686207,0.142253,0.412559
0.363677,0.0651411,0.132139,0.439043
0.392967,0.0667078,0.125875,0.41445
0.38707,0.0624848,0.128697,0.421748
0.398897,0.0575884,0.117402,0.426113
0.385986,0.0627366,0.124781,0.426497
0.344569,0.0507237,0.1353,0.469407
0.350178,0.0522623,0.127797,0.469763
0.348454,0.0607775,0.134028,0.45674
0.337763,0.0679843,0.130929,0.463324
0.339345,0.0663308,0.139061,0.455263
0.345811,0.067089,0.129545,0.457555
0.354046,0.073852,0.129898,0.442204
0.354382,0.0807736,0.130768,0.434076
0.369251,0.0907391,0.132184,0.407827
0.381555,0.0763986,0.132474,0.409572
0.323493,0.0712424,0.141548,0.463717
0.307462,0.0598026,0.150833,0.481902
0.348407,0.0580623,0.147419,0.446112
0.354823,0.071302,0.147665,0.42621
0.334465,0.0587311,0.169351,0.437453
0.35605,0.0564043,0.174027,0.413519
0.359208,0.0596522,0.170318,0.410822
0.322635,0.0529474,0.168063,0.456354
0.293997,0.0458994,0.167705,0.492399
0.286282,0.0408939,0.179124,0.4937
0.285067,0.0483603,0.175359,0.491214
0.293009,0.042735,0.179754,0.484501
0.301445,0.0451584,0.18979,0.463606
0.325832,0.0505281,0.198481,0.425158
0.327375,0.0542756,0.186337,0.432012
0.30862,0.0458508,0.199719,0.445811
0.32086,0.0438863,0.186614,0.448639
0.320023,0.0462864,0.162762,0.470929
0.338088,0.0389777,0.158817,0.464118
0.317121,0.0468511,0.154857,0.481171
0.315246,0.0520961,0.162457,0.470201
0.308131,0.0540903,0.165668,0.472111
0.284165,0.0512506,0.175239,0.489345
0.306466,0.0514015,0.151702,0.490431
0.316105,0.0622005,0.155577,0.466118
0.305518,0.0533996,0.13599,0.505092
0.30997,0.0576437,0.132106,0.50028
0.294747,0.0625771,0.162753,0.479923
0.26726,0.0622857,0.169147,0.501307
0.273611,0.0709343,0.150807,0.504648
0.274437,0.0676949,0.143685,0.514183
0.289712,0.0696044,0.143824,0.496859
0.293508,0.0901482,0.140805,0.475539
0.319181,0.0843293,0.145303,0.451186
0.312738,0.0851556,0.13545,0.466656
0.293158,0.0767469,0.142403,0.487692
0.267432,0.0786724,0.140992,0.512903
0.265507,0.0814134,0.137289,0.515791
0.257327,0.0737375,0.139613,0.529322
0.270956,0.0704626,0.128837,0.529744
0.264562,0.0761596,0.133019,0.526259
0.287611,0.076173,0.154898,0.481318
0.320996,0.0792527,0.152155,0.447596
0.299854,0.0760479,0.15466,0.469438
0.337008,0.0760407,0.143732,0.443219
0.292317,0.0684426,0.159478,0.479762
0.309195,0.0671482,0.15078,0.472877
0.318467,0.0582244,0.15391,0.469399
0.306425,0.0700123,0.157383,0.46618
0.291314,0.0579109,0.154714,0.496061
0.326779,0.0533907,0.165903,0.453927
0.312186,0.0498952,0.157699,0.48022
0.329197,0.0448266,0.15124,0.474736
0.30727,0.0462002,0.147442,0.499088
0.308294,0.0459482,0.151331,0.494428
0.298217,0.0448931,0.155868,0.501022
0.275248,0.0441762,0.173264,0.507312
0.241647,0.039578,0.165709,0.553066
0.259667,0.0496149,0.154368,0.53635
0.275181,0.0510805,0.150962,0.522777
0.264206,0.0470707,0.15636,0.532364
0.247356,0.0473118,0.163722,0.54161
0.249768,0.042176,0.166026,0.54203
0.231232,0.0446805,0.153042,0.571046
0.204862,0.0462167,0.14245,0.606471
0.220548,0.0442384,0.146457,0.588756
0.226823,0.0469865,0.14096,0.585231
0.221522,0.0428331,0.148781,0.586864
0.236784,0.0473853,0.149249,0.566582
0.251051,0.0451315,0.149312,0.554506
0.234097,0.0514356,0.147548,0.566919
0.227638,0.0515498,0.143247,0.577565
0.230358,0.0516433,0.157729,0.56027
0.229111,0.0481214,0.144261,0.578506
0.218854,0.0569969,0.141003,0.583147
0.245626,0.051576,0.165744,0.537054
0.265486,0.0482011,0.163541,0.522773
0.247532,0.0513897,0.153622,0.547457
0.271744,0.0518812,0.155249,0.521125
0.255226,0.0491892,0.158616,0.536969
0.269982,0.0474567,0.158266,0.524295
0.263505,0.0450827,0.165622,0.52579
0.266745,0.0486363,0.145415,0.539204
0.260554,0.0399583,0.171954,0.527534
0.300569,0.0457524,0.179477,0.474202
0.282276,0.0401079,0.166928,0.510688
0.287325,0.043494,0.157183,0.511998
0.287557,0.0454463,0.147392,0.519605
0.28424,0.0454878,0.160103,0.510169
0.286682,0.0433495,0.145284,0.524684
0.281024,0.042622,0.166115,0.510239
0.247151,0.0358981,0.15758,0.559371
0.257592,0.0415621,0.166643,0.534203
0.269636,0.0419099,0.1737,0.514753
0.251532,0.0395162,0.165769,0.543183
0.246006,0.0382617,0.170756,0.544976
0.257387,0.0367197,0.165978,0.539915
0.252393,0.0362212,0.161275,0.55011
0.26221,0.0429537,0.180832,0.514004
0.228049,0.0344991,0.161489,0.575963
0.223,0.035067,0.169677,0.572256
0.225841,0.0371229,0.179486,0.55755
0.254009,0.037358,0.178712,0.52992
0.255026,0.0388511,0.182902,0.523221
0.271173,0.0429871,0.159755,0.526085
0.27702,0.0396994,0.176504,0.506776
0.296132,0.0462103,0.159132,0.498526
0.264919,0.0405465,0.169968,0.524566
0.275919,0.0458336,0.14822,0.530027
0.250894,0.0436985,0.18153,0.523877
0.285213,0.045924,0.18252,0.486344
0.269097,0.0472845,0.175259,0.508359
0.285911,0.050348,0.161078,0.502662
0.275933,0.0451281,0.150521,0.528417
0.313746,0.0524578,0.155,0.478796
0.305018,0.0496162,0.1395,0.505865
0.316639,0.0499169,0.12848,0.504964
0.277177,0.0520472,0.143428,0.527348
0.266155,0.048214,0.146158,0.539473
0.270667,0.0468779,0.134261,0.548194
0.309459,0.0533056,0.121973,0.515261
0.289923,0.0491065,0.1179,0.543071
0.299453,0.0482276,0.121178,0.531142
0.330154,0.0484174,0.134077,0.487351
0.318529,0.0512175,0.11077,0.519484
0.323358,0.051321,0.126462,0.498859
0.340951,0.0489125,0.126917,0.483219
0.299883,0.0465155,0.125339,0.528262
0.305321,0.0539854,0.126723,0.513971
0.275101,0.0441583,0.125878,0.554863
0.283851,0.0368628,0.132357,0.546929
0.263943,0.0367018,0.141422,0.557933
0.2685,0.0368426,0.138232,0.556425
0.256904,0.0329058,0.141498,0.568692
0.252892,0.0409413,0.127899,0.578268
0.266812,0.0381558,0.139044,0.555988
0.299968,0.041361,0.135157,0.523514
0.28387,0.0365216,0.138471,0.541137
0.290749,0.0377576,0.14721,0.524283
0.271157,0.0381017,0.13825,0.552492
0.305802,0.0366667,0.129643,0.527888
0.28897,0.0349385,0.138208,0.537884
0.294097,0.037776,0.134656,0.533472
0.285057,0.0363788,0.117405,0.56116
0.296222,0.0384544,0.126169,0.539154
0.27393,0.0353246,0.124483,0.566262
0.255868,0.0314886,0.134693,0.577951
0.26806,0.0351769,0.140004,0.55676
0.276926,0.0441344,0.166055,0.512885
0.270111,0.0362792,0.155976,0.537633
0.279059,0.0385987,0.166831,0.515512
0.264723,0.0384811,0.158975,0.53782
0.2567,0.0391076,0.154022,0.550171
0.264868,0.0415722,0.141551,0.552009
0.294897,0.0418362,0.15846,0.504806
0.287997,0.0545868,0.15546,0.501957
0.283614,0.0504403,0.154042,0.511903
0.276699,0.0469641,0.160139,0.516198
0.30803,0.0478364,0.148743,0.495391
0.292502,0.0542435,0.162959,0.490296
0.278984,0.0479483,0.169474,0.503594
0.283722,0.0544698,0.151486,0.510322
0.279123,0.0498517,0.155008,0.516017
0.281014,0.0459654,0.166816,0.506205
0.26029,0.0442134,0.165608,0.529889
0.264123,0.0473435,0.178054,0.51048
0.276615,0.0577,0.175765,0.489921
0.286352,0.0513436,0.173459,0.488845
0.287671,0.0603812,0.196088,0.45586
0.288753,0.0636058,0.192389,0.455252
0.288313,0.0562547,0.164722,0.49071
0.277487,0.0518133,0.190838,0.479862
0.265383,0.0527184,0.209344,0.472554
0.2332,0.0398019,0.211014,0.515984
0.250799,0.0478712,0.217167,0.484163
0.236859,0.0435204,0.222279,0.497341
0.243937,0.0425623,0.2015,0.512001
0.263697,0.0450265,0.198634,0.492643
0.304477,0.0594247,0.183496,0.452603
0.285156,0.047062,0.201676,0.466106
0.267312,0.0517188,0.20263,0.47834
0.266517,0.0495363,0.204839,0.479108
0.255805,0.0468283,0.196476,0.50089
0.225359,0.0394526,0.199128,0.53606
0.233337,0.0426661,0.176923,0.547075
0.234278,0.0450058,0.169413,0.551303
0.242136,0.0444777,0.167567,0.545819
0.266595,0.0456739,0.17531,0.512421
0.2577,0.0479034,0.189083,0.505314
0.26089,0.0519177,0.188696,0.498496
0.270149,0.0521195,0.175905,0.501827
0.265361,0.0479922,0.18224,0.504406
0.263754,0.0503725,0.179745,0.506129
0.265016,0.0547494,0.19367,0.486564
0.275421,0.0631989,0.188028,0.473352
0.275125,0.0612174,0.198976,0.464682
0.264938,0.0622738,0.200673,0.472116
0.266991,0.0622263,0.189238,0.481545
0.248497,0.0598515,0.186903,0.504749
0.237937,0.0631506,0.187661,0.511251
0.224609,0.0532801,0.19078,0.531331
0.225163,0.0560252,0.184029,0.534783
0.226573,0.0559065,0.194895,0.522626
0.221407,0.0551665,0.198161,0.525266
0.218479,0.0519394,0.211629,0.517952
0.245748,0.0594578,0.205489,0.489305
0.244446,0.056477,0.210537,0.48854
0.245884,0.0556431,0.210991,0.487482
0.256435,0.0633402,0.215279,0.464945
0.268921,0.0639113,0.228558,0.438609
0.274517,0.0657237,0.228871,0.430888
0.280299,0.0668369,0.234513,0.418351
0.290318,0.0689536,0.235204,0.405525
0.292481,0.0674118,0.208593,0.431514
0.294019,0.0648351,0.204666,0.43648
0.297311,0.0684804,0.214553,0.419656
0.305526,0.0742998,0.215197,0.404977
0.303649,0.0727727,0.224121,0.399457
0.300929,0.0709051,0.24176,0.386406
0.290766,0.0683221,0.24001,0.400902
0.293813,0.0683005,0.241076,0.39681
0.285759,0.0574467,0.236564,0.420231
0.280156,0.0625448,0.221708,0.435591
0.289103,0.0597319,0.237657,0.413508
0.276308,0.0627464,0.229312,0.431633
0.295588,0.061881,0.231347,0.411183
0.30621,0.064528,0.211685,0.417577
0.293284,0.0649152,0.170408,0.471393
0.287641,0.0660845,0.175595,0.47068
0.292148,0.0744731,0.199213,0.434166
0.295691,0.059172,0.185499,0.459637
0.294584,0.0664987,0.182554,0.456363
0.284446,0.0595444,0.174912,0.481097
0.328721,0.0624014,0.177425,0.431453
0.307107,0.0612911,0.188427,0.443175
0.312267,0.0621794,0.199466,0.426087
0.302497,0.06687,0.194432,0.436201
0.285324,0.0654194,0.210962,0.438295
0.257668,0.0581611,0.192235,0.491936
0.262169,0.0603445,0.198495,0.478991
0.279754,0.0650144,0.201375,0.453857
0.268509,0.0659418,0.192828,0.472721
0.282873,0.0717423,0.215992,0.429393
0.30285,0.0720667,0.212812,0.412272
0.299032,0.0687061,0.230329,0.401933
0.29865,0.0707875,0.219423,0.41114
0.293189,0.0616601,0.202619,0.442532
0.301143,0.0647013,0.204507,0.429649
0.304011,0.0696113,0.216353,0.410025
0.317445,0.0738554,0.221361,0.387338
0.308158,0.0735762,0.229455,0.38881
0.297296,0.0685315,0.233757,0.400415
0.298564,0.0671757,0.233596,0.400664
0.304441,0.0639768,0.222214,0.409368
0.311401,0.0691387,0.225232,0.394228
0.324877,0.0779808,0.220387,0.376754
0.323889,0.0749187,0.22069,0.380501
0.316535,0.0686622,0.232302,0.382501
0.310969,0.0659687,0.248016,0.375047
0.313971,0.066302,0.238006,0.381721
0.313004,0.0729576,0.248096,0.365942
0.327659,0.0722241,0.251773,0.348343
0.326823,0.0792004,0.267578,0.326398
0.332265,0.0850052,0.25536,0.32737
0.334636,0.0872367,0.248013,0.330114
0.322323,0.0818789,0.266377,0.329421
0.314797,0.0749756,0.258581,0.351646
0.312452,0.080356,0.247962,0.35923
0.313367,0.0871104,0.244714,0.354809
0.302206,0.0895143,0.250517,0.357763
0.320282,0.0925894,0.24924,0.337888
0.316694,0.0849386,0.226433,0.371934
0.30884,0.0803504,0.220432,0.390377
0.302031,0.0760537,0.241743,0.380172
0.301431,0.0806239,0.228455,0.389491
0.307007,0.0837767,0.22888,0.380336
0.299233,0.0825742,0.220899,0.397294
0.321837,0.0815161,0.213117,0.38353
0.328284,0.0906216,0.194864,0.38623
0.317598,0.0824653,0.207662,0.392274
0.33028,0.0908269,0.208563,0.37033
0.334104,0.0906055,0.210861,0.364429
0.322102,0.0913821,0.217753,0.368763
0.317805,0.0816159,0.215326,0.385254
0.331316,0.0794521,0.210562,0.378669
0.304409,0.07919,0.204267,0.412134
0.303791,0.0848045,0.234067,0.377338
