EUR=X,JPY=X,CHFUSD,GLD
0.280511,0.124136,0.130133,0.465219
0.304583,0.113743,0.134926,0.446748
0.302298,0.114093,0.13419,0.449419
0.305583,0.10983,0.12826,0.456326
0.290885,0.116963,0.128049,0.464103
0.279033,0.120938,0.120302,0.479727
0.275967,0.130732,0.122442,0.470859
0.266569,0.141602,0.127081,0.464747
0.269243,0.13387,0.12877,0.468116
0.26959,0.135437,0.129671,0.465302
0.270342,0.12509,0.126687,0.47788
0.284875,0.120363,0.126027,0.468735
0.287238,0.116157,0.118986,0.477619
0.266668,0.117249,0.11198,0.504102
0.260594,0.117552,0.112954,0.5089
0.241769,0.109472,0.104123,0.544635
0.24036,0.107236,0.102057,0.550348
0.252896,0.104693,0.101636,0.540775
0.252397,0.107877,0.108579,0.531148
0.255625,0.109511,0.111224,0.52364
0.260864,0.115253,0.113087,0.510796
0.264068,0.121795,0.116139,0.497997
0.255529,0.125777,0.111377,0.507318
0.245487,0.124503,0.112393,0.517617
0.257748,0.121012,0.111475,0.509765
0.259496,0.118409,0.111023,0.511073
0.264911,0.115271,0.113326,0.506492
0.275471,0.11604,0.119621,0.488868
0.289562,0.118599,0.12173,0.470109
0.27945,0.121998,0.1217,0.476852
0.267978,0.13625,0.129307,0.466465
0.269537,0.13363,0.126719,0.470115
0.285524,0.139919,0.129861,0.444696
0.302663,0.140517,0.132474,0.424346
0.302273,0.137806,0.129562,0.430359
0.327337,0.131268,0.123992,0.417403
0.319036,0.138923,0.12646,0.415581
0.333277,0.136131,0.124287,0.406305
0.334472,0.151841,0.127751,0.385936
0.332468,0.145527,0.123175,0.39883
0.339985,0.140396,0.123656,0.395962
0.328193,0.144004,0.134494,0.393308
0.336652,0.134109,0.129615,0.399624
0.344479,0.142382,0.129561,0.383578
0.335714,0.145811,0.124238,0.394237
0.337154,0.158168,0.122573,0.382106
0.322489,0.164845,0.122965,0.389701
0.318038,0.154416,0.119317,0.408229
0.311514,0.154447,0.122899,0.411139
0.31294,0.146136,0.124556,0.416368
0.335612,0.135692,0.119375,0.40932
0.345767,0.130893,0.114947,0.408393
0.336794,0.131897,0.113951,0.417358
0.328669,0.136764,0.111485,0.423083
0.316004,0.14076,0.123699,0.419537
0.30415,0.14451,0.131357,0.419983
0.323091,0.130617,0.129953,0.416339
0.3271,0.136169,0.133645,0.403085
0.327117,0.13421,0.13127,0.407403
0.320596,0.145698,0.137062,0.396644
0.313196,0.154017,0.138971,0.393816
0.290669,0.157689,0.144852,0.40679
0.293639,0.165915,0.151055,0.389391
0.302165,0.170107,0.151558,0.37617
0.308803,0.166263,0.155576,0.369358
0.323576,0.148168,0.144559,0.383697
0.326261,0.142831,0.143137,0.387771
0.317793,0.148604,0.143195,0.390409
0.305809,0.152448,0.150049,0.391694
0.317041,0.152133,0.144227,0.386599
0.321206,0.149352,0.136578,0.392864
0.327562,0.14159,0.141665,0.389184
0.338796,0.142382,0.139181,0.379641
0.346986,0.145972,0.139832,0.36721
0.341749,0.141587,0.136949,0.379715
0.336729,0.139019,0.137434,0.386818
0.342474,0.14313,0.130111,0.384285
0.334812,0.148133,0.129704,0.387352
0.334952,0.150575,0.137,0.377473
0.327743,0.148108,0.134963,0.389186
0.331452,0.136563,0.135735,0.39625
0.316795,0.138008,0.135295,0.409901
0.324833,0.129689,0.128866,0.416612
0.314405,0.134203,0.126739,0.424654
0.303079,0.135125,0.126046,0.43575
0.308383,0.140471,0.130184,0.420962
0.312428,0.140161,0.125781,0.42163
0.299104,0.135755,0.132123,0.433019
0.31495,0.12677,0.1335,0.424781
0.327157,0.118088,0.125514,0.429241
0.316099,0.123097,0.12337,0.437434
0.332602,0.109895,0.121612,0.435891
0.324714,0.118018,0.118514,0.438753
0.323925,0.123555,0.123131,0.429389
0.315632,0.120734,0.124772,0.438862
0.316108,0.123039,0.128723,0.432131
0.316216,0.119203,0.134699,0.429882
0.325461,0.11154,0.131983,0.431016
0.324694,0.109107,0.131399,0.4348
0.318174,0.108649,0.127027,0.446151
0.321215,0.107876,0.122794,0.448115
0.309004,0.118613,0.1239,0.448483
0.323662,0.1233,0.129899,0.42314
0.341164,0.120893,0.139667,0.398276
0.351358,0.10789,0.137834,0.402918
0.348363,0.106259,0.136515,0.408863
0.349337,0.105365,0.134343,0.410956
0.3597,0.0996163,0.127132,0.413552
0.348135,0.110387,0.127052,0.414426
0.339515,0.122273,0.137245,0.400967
0.333235,0.115363,0.140061,0.411341
0.348954,0.113838,0.144289,0.392919
0.351409,0.115095,0.147263,0.386233
0.344341,0.112689,0.13953,0.40344
0.321049,0.116187,0.133636,0.429128
0.310678,0.122999,0.134637,0.431685
0.304217,0.125926,0.132968,0.436888
0.30538,0.132052,0.135615,0.426954
0.313114,0.123552,0.134547,0.428787
0.319125,0.125795,0.14103,0.41405
0.321481,0.122526,0.140896,0.415097
0.324642,0.112444,0.13116,0.431754
0.314463,0.111504,0.127656,0.446377
0.326711,0.115799,0.127043,0.430447
0.34187,0.117665,0.130462,0.410003
0.335551,0.117345,0.131652,0.415452
0.341661,0.12032,0.135925,0.402094
0.342357,0.115823,0.137036,0.404784
0.331672,0.10738,0.129069,0.431879
0.333928,0.111604,0.132043,0.422425
0.329722,0.116153,0.132278,0.421848
0.326437,0.11305,0.128436,0.432077
0.324574,0.110641,0.127387,0.437398
0.317235,0.113611,0.133681,0.435473
0.304398,0.116816,0.138588,0.440198
0.307607,0.113637,0.13882,0.439937
0.320831,0.106993,0.134033,0.438143
0.304181,0.102193,0.131576,0.46205
0.309706,0.108109,0.138662,0.443523
0.313148,0.124297,0.136699,0.425857
0.31651,0.118676,0.136143,0.428671
0.312907,0.127167,0.140336,0.41959
0.329245,0.123802,0.144174,0.402779
0.333392,0.119968,0.139178,0.407462
0.338396,0.115653,0.13812,0.407832
0.341983,0.109148,0.1383,0.410569
0.327928,0.116336,0.13683,0.418907
0.329531,0.122204,0.136699,0.411565
0.333453,0.120194,0.145487,0.400866
0.335962,0.123188,0.145256,0.395594
0.318741,0.125133,0.147244,0.408882
0.323773,0.121195,0.153108,0.401925
0.321766,0.121478,0.151151,0.405605
0.325327,0.129009,0.150634,0.39503
0.318143,0.12889,0.15225,0.400717
0.317874,0.137052,0.150984,0.39409
0.313557,0.136281,0.142338,0.407824
0.326224,0.139187,0.142318,0.392271
0.323955,0.131569,0.151185,0.393291
0.339142,0.123517,0.147725,0.389617
0.340647,0.12122,0.143934,0.394199
0.348527,0.122693,0.137867,0.390913
0.340241,0.121046,0.139452,0.399262
0.341203,0.129169,0.140997,0.388631
0.350841,0.127764,0.139704,0.381691
0.349725,0.13144,0.141872,0.376962
0.353935,0.130706,0.139296,0.376064
0.354006,0.124945,0.135693,0.385356
0.356027,0.122416,0.128756,0.392801
0.351141,0.132002,0.12989,0.386967
0.354874,0.126358,0.125797,0.392972
0.360622,0.121537,0.128251,0.389589
0.356651,0.123438,0.12818,0.391731
0.373651,0.118792,0.124305,0.383252
0.379067,0.114505,0.126386,0.380042
0.381835,0.108399,0.126132,0.383634
0.369346,0.115343,0.132208,0.383103
0.365259,0.115798,0.133306,0.385636
0.357911,0.114961,0.13129,0.395838
0.352997,0.124378,0.135881,0.386744
0.343001,0.129777,0.137638,0.389584
0.347756,0.126161,0.13783,0.388253
0.335767,0.124205,0.142978,0.39705
0.335464,0.127898,0.142496,0.394143
0.340702,0.128835,0.142594,0.387869
0.337889,0.12287,0.134156,0.405084
0.35363,0.123679,0.136054,0.386638
0.35322,0.121478,0.137804,0.387498
0.354224,0.122258,0.141021,0.382496
0.35731,0.118248,0.136774,0.387668
0.359174,0.116741,0.135527,0.388558
0.361697,0.117056,0.132723,0.388523
0.358012,0.120686,0.139558,0.381744
0.359521,0.119162,0.13383,0.387488
0.356245,0.122029,0.135617,0.386108
0.358477,0.118942,0.134915,0.387666
0.362036,0.115624,0.137775,0.384565
0.36709,0.116938,0.139842,0.37613
0.363757,0.122507,0.146958,0.366778
0.356431,0.129141,0.148543,0.365885
0.355519,0.126087,0.144752,0.373642
0.357555,0.124089,0.145782,0.372575
0.361428,0.130621,0.154758,0.353194
0.361701,0.129138,0.153192,0.355969
0.358345,0.131822,0.15567,0.354163
0.35228,0.126287,0.153908,0.367525
0.354346,0.125649,0.156203,0.363802
0.341928,0.126587,0.149115,0.38237
0.339661,0.129204,0.155189,0.375946
0.355276,0.124079,0.14868,0.371965
0.363006,0.119736,0.148745,0.368513
0.358951,0.126514,0.153102,0.361432
0.342816,0.134162,0.152647,0.370375
0.357723,0.135239,0.150564,0.356474
0.341739,0.144926,0.156767,0.356568
0.343085,0.155091,0.158099,0.343725
0.349284,0.155573,0.155548,0.339595
0.335982,0.171926,0.165716,0.326376
0.332025,0.166949,0.159877,0.341149
0.325625,0.171899,0.160878,0.341598
0.324966,0.180445,0.162237,0.332352
0.318331,0.170718,0.163771,0.347179
0.321833,0.159843,0.159242,0.359082
0.309693,0.164278,0.15694,0.369089
0.314696,0.152014,0.153368,0.379921
0.30558,0.159527,0.151598,0.383295
0.305189,0.162045,0.153576,0.37919
0.312409,0.16596,0.158384,0.363246
0.320647,0.149203,0.161739,0.36841
0.319394,0.159376,0.160854,0.360376
0.315005,0.151314,0.161589,0.372092
0.308156,0.156564,0.16474,0.37054
0.298534,0.160584,0.170391,0.37049
0.317598,0.152823,0.165111,0.364468
0.334648,0.144836,0.158776,0.36174
0.329223,0.147353,0.164199,0.359224
0.333076,0.143955,0.163814,0.359156
0.341595,0.138446,0.160102,0.359857
0.354097,0.137351,0.159737,0.348815
0.350784,0.134081,0.160067,0.355069
0.352689,0.138364,0.157414,0.351533
0.354618,0.133386,0.157755,0.354242
0.350745,0.134793,0.160323,0.354139
0.357401,0.130215,0.160767,0.351617
0.34984,0.133874,0.163804,0.352482
0.333602,0.138334,0.166443,0.361621
0.335853,0.138572,0.16724,0.358335
0.335262,0.140972,0.170449,0.353318
0.327555,0.146547,0.175368,0.350531
0.331133,0.141245,0.171939,0.355683
0.351236,0.139131,0.168157,0.341476
0.363385,0.137204,0.162669,0.336742
0.36471,0.139798,0.162042,0.33345
0.376401,0.135607,0.15954,0.328452
0.387299,0.131108,0.153855,0.327737
0.38931,0.126134,0.158027,0.326529
0.373181,0.129949,0.1606,0.33627
0.35461,0.118683,0.156678,0.37003
0.37776,0.117554,0.150893,0.353793
0.376079,0.112236,0.15062,0.361065
0.368808,0.112648,0.152173,0.36637
0.375727,0.114375,0.151479,0.358418
0.382794,0.112919,0.149208,0.35508
0.383708,0.110844,0.149614,0.355834
0.376722,0.117609,0.150865,0.354804
0.384061,0.120215,0.154805,0.34092
0.371894,0.117467,0.155443,0.355196
0.355192,0.113423,0.154016,0.377369
0.355218,0.115606,0.153009,0.376166
0.345804,0.124669,0.155702,0.373825
0.344084,0.12291,0.152044,0.380962
0.335698,0.125183,0.153506,0.385614
0.339593,0.13147,0.147977,0.38096
0.329728,0.13709,0.148,0.385183
0.33717,0.126734,0.145238,0.390858
0.335644,0.131934,0.144436,0.387986
0.333141,0.12786,0.143815,0.395184
0.330898,0.131965,0.151775,0.385363
0.335797,0.132088,0.151019,0.381096
0.323827,0.140065,0.153783,0.382324
0.317372,0.141813,0.155236,0.385579
0.318086,0.140756,0.154483,0.386675
0.329089,0.136868,0.154211,0.379832
0.32692,0.139452,0.15011,0.383518
0.326258,0.138633,0.153304,0.381804
0.318452,0.143619,0.159435,0.378494
0.313567,0.131586,0.155151,0.399696
0.323267,0.142566,0.153548,0.380618
0.314313,0.144867,0.164267,0.376552
0.328345,0.145798,0.153795,0.372063
0.335595,0.135736,0.16081,0.367859
0.337954,0.137035,0.153973,0.371038
0.339312,0.147846,0.154252,0.35859
0.349809,0.147443,0.149926,0.352822
0.330063,0.143485,0.163051,0.3634
0.330334,0.146653,0.16443,0.358583
0.330567,0.147112,0.172855,0.349466
0.320248,0.157594,0.172884,0.349275
0.318135,0.159238,0.163792,0.358836
0.33111,0.145969,0.158172,0.364748
0.333604,0.147659,0.1581,0.360637
0.345189,0.147313,0.150682,0.356816
0.328794,0.148537,0.157758,0.36491
0.345775,0.136772,0.160934,0.35652
0.344294,0.134924,0.154213,0.366569
0.341189,0.128817,0.151312,0.378682
0.351541,0.12977,0.152056,0.366632
0.345978,0.126823,0.151005,0.376194
0.335959,0.122309,0.148529,0.393203
0.32098,0.137027,0.154217,0.387776
0.311366,0.131185,0.155322,0.402127
0.312757,0.135492,0.15667,0.395081
0.301115,0.136895,0.165465,0.396525
0.294884,0.140373,0.170063,0.394679
0.306979,0.130937,0.166051,0.396033
0.318469,0.129951,0.163491,0.388089
0.314115,0.132836,0.162617,0.390432
0.300468,0.128756,0.160633,0.410144
0.304474,0.136569,0.163751,0.395206
0.304509,0.134978,0.16735,0.393162
0.295495,0.128882,0.163623,0.412
0.28598,0.129802,0.164173,0.420045
0.285249,0.143642,0.176455,0.394653
0.284557,0.138893,0.170206,0.406343
0.284386,0.147911,0.171899,0.395805
0.290249,0.139376,0.16532,0.405055
0.290272,0.137942,0.161391,0.410395
0.301629,0.148016,0.161103,0.389252
0.294582,0.147509,0.166008,0.391902
0.309424,0.140977,0.166859,0.382739
0.306934,0.141701,0.169445,0.381921
0.304753,0.138917,0.168949,0.387382
0.331313,0.137685,0.175646,0.355356
0.309633,0.137529,0.170196,0.382642
0.313792,0.145893,0.179754,0.360561
0.318351,0.145843,0.165063,0.370743
0.306972,0.153392,0.173414,0.366223
0.308899,0.153665,0.16823,0.369207
0.310623,0.148592,0.161385,0.3794
0.315874,0.154081,0.155498,0.374547
0.315866,0.157291,0.161379,0.365463
0.302434,0.170746,0.160447,0.366373
0.310334,0.171984,0.159173,0.358509
0.318726,0.161901,0.161569,0.357805
0.316614,0.158375,0.158804,0.366207
0.321568,0.156496,0.157905,0.364031
0.341732,0.157498,0.155707,0.345063
0.33809,0.144878,0.148004,0.369028
0.330474,0.14837,0.145073,0.376083
0.324226,0.15348,0.15314,0.369154
0.315072,0.15228,0.15113,0.381518
0.329491,0.1576,0.157372,0.355537
0.328023,0.151814,0.160031,0.360132
0.327305,0.154475,0.15888,0.35934
0.334584,0.162103,0.161012,0.342301
0.333617,0.15972,0.158291,0.348373
0.323305,0.166708,0.16164,0.348347
0.31866,0.163365,0.161546,0.356429
0.316688,0.163129,0.161281,0.358902
0.318873,0.159517,0.16446,0.35715
0.306809,0.156908,0.157457,0.378826
0.302964,0.167935,0.160517,0.368584
0.298294,0.162004,0.163274,0.376428
0.293222,0.164941,0.164863,0.376974
0.304578,0.165973,0.172775,0.356675
0.292474,0.157489,0.175009,0.375028
0.297597,0.172103,0.181851,0.348449
0.294662,0.17084,0.178109,0.356389
0.299878,0.16972,0.18073,0.349671
0.304363,0.155295,0.188123,0.352219
0.312351,0.151431,0.174095,0.362123
0.323517,0.156018,0.167372,0.353093
0.320234,0.162846,0.170196,0.346724
0.3023,0.161761,0.167445,0.368493
0.310474,0.150827,0.172557,0.366143
0.297209,0.158259,0.17667,0.367863
0.303884,0.153958,0.172795,0.369363
0.301047,0.159818,0.176366,0.362769
0.295534,0.15929,0.173292,0.371884
0.288931,0.181208,0.178551,0.351311
0.30172,0.177369,0.172467,0.348444
0.311701,0.174776,0.163821,0.349701
0.311204,0.180056,0.166407,0.342333
0.32947,0.166134,0.161871,0.342524
0.336959,0.162062,0.167945,0.333034
0.349884,0.154755,0.165591,0.329769
0.33575,0.152135,0.176746,0.335369
0.349126,0.145085,0.170116,0.335672
0.349001,0.144963,0.170474,0.335562
0.343615,0.141677,0.175902,0.338807
0.34482,0.154895,0.166458,0.333826
0.336481,0.149887,0.172181,0.341451
0.327254,0.154894,0.17303,0.344822
0.334558,0.15358,0.170084,0.341778
0.327605,0.150173,0.173425,0.348797
0.335361,0.150128,0.161846,0.352664
0.338092,0.155112,0.171652,0.335145
0.336512,0.153274,0.170886,0.339328
0.334824,0.164081,0.169377,0.331718
0.336325,0.161061,0.162899,0.339714
0.348117,0.148832,0.16078,0.342272
0.349024,0.138093,0.162351,0.350532
0.347234,0.14447,0.162915,0.345382
0.355718,0.14506,0.16068,0.338542
0.361969,0.135875,0.163041,0.339116
0.356111,0.142498,0.15707,0.344321
0.350937,0.142799,0.169858,0.336406
0.353156,0.143177,0.169165,0.334502
0.351516,0.141082,0.161712,0.34569
0.354735,0.128939,0.155204,0.361121
0.35377,0.131571,0.151027,0.363631
0.357102,0.127058,0.146639,0.369202
0.359363,0.123025,0.149664,0.367948
0.350976,0.120672,0.150847,0.377506
0.346182,0.123102,0.157361,0.373355
0.348941,0.124096,0.159442,0.367522
0.354873,0.127269,0.157338,0.36052
0.350021,0.128672,0.164024,0.357283
0.345595,0.129065,0.16405,0.36129
0.342819,0.128647,0.161112,0.367423
0.342505,0.126919,0.157658,0.372918
0.339382,0.128818,0.159068,0.372732
0.341579,0.130886,0.156293,0.371241
0.331855,0.129902,0.160406,0.377837
0.332142,0.14196,0.173278,0.352621
0.321202,0.13575,0.164951,0.378096
0.322824,0.137216,0.165842,0.374119
0.335477,0.142101,0.166314,0.356107
0.328178,0.151037,0.165333,0.355452
0.323047,0.146673,0.160204,0.370076
0.3229,0.150863,0.16333,0.362907
0.319946,0.143183,0.162652,0.37422
0.323782,0.14482,0.166869,0.364528
0.323705,0.144235,0.166683,0.365378
0.333353,0.144623,0.172596,0.349428
0.337307,0.143384,0.170672,0.348637
0.334053,0.141735,0.164101,0.360112
0.335016,0.138515,0.164595,0.361874
0.328429,0.134593,0.156065,0.380913
0.325182,0.127165,0.154742,0.392911
0.313736,0.135647,0.157176,0.39344
0.318085,0.133932,0.156278,0.391704
0.310182,0.139413,0.159754,0.390651
0.299767,0.148202,0.163017,0.389014
0.293093,0.159976,0.163192,0.383738
0.303055,0.160092,0.166325,0.370527
0.305901,0.152703,0.158375,0.383021
0.29563,0.16278,0.166346,0.375244
0.293128,0.159382,0.159899,0.387591
0.303574,0.149626,0.166386,0.380415
0.298085,0.14982,0.163914,0.38818
0.311417,0.145631,0.171511,0.37144
0.330976,0.134712,0.167463,0.366849
0.338514,0.135022,0.16451,0.361954
0.337859,0.137695,0.172427,0.352019
0.326779,0.142665,0.167666,0.36289
0.326162,0.142768,0.171442,0.359628
0.324521,0.136343,0.169471,0.369665
0.334685,0.131044,0.160988,0.373284
0.325542,0.138489,0.164138,0.37183
0.32834,0.133988,0.169211,0.368461
0.338023,0.13604,0.175236,0.3507
0.31223,0.142223,0.18238,0.363166
0.313895,0.142782,0.179663,0.36366
0.323768,0.138377,0.175211,0.362645
0.323509,0.138267,0.17315,0.365075
0.316128,0.147166,0.172994,0.363711
0.321599,0.142042,0.170236,0.366123
0.31338,0.149964,0.182897,0.35376
0.311855,0.151742,0.185012,0.35139
0.309141,0.143951,0.181676,0.365233
0.323978,0.140503,0.175873,0.359645
0.335504,0.13752,0.173093,0.353883
0.343129,0.127926,0.163724,0.365221
0.341027,0.120667,0.156001,0.382305
0.341994,0.120729,0.159892,0.377385
0.340691,0.123376,0.156023,0.379909
0.342199,0.121223,0.154852,0.381727
0.344548,0.125946,0.160235,0.369271
0.339235,0.122068,0.162313,0.376384
0.33675,0.126444,0.163811,0.372994
0.32628,0.124785,0.165222,0.383713
0.328112,0.125691,0.162909,0.383288
0.347343,0.121346,0.152943,0.378367
0.341758,0.123196,0.154931,0.380115
0.343538,0.117897,0.150723,0.387842
0.339422,0.121376,0.149006,0.390196
0.346343,0.114377,0.143799,0.395481
0.357782,0.115,0.146811,0.380407
0.35694,0.112168,0.147801,0.383091
0.362437,0.116068,0.149995,0.3715
0.358247,0.117208,0.144009,0.380536
0.354099,0.11728,0.147949,0.380672
0.350203,0.119145,0.152645,0.378006
0.348945,0.122278,0.152562,0.376216
0.350586,0.119683,0.153978,0.375754
0.351529,0.131384,0.161474,0.355613
0.344962,0.136201,0.162758,0.356079
0.343979,0.138854,0.165419,0.351748
0.351408,0.145198,0.164021,0.339373
0.357947,0.139307,0.162892,0.339855
0.34253,0.140097,0.159054,0.358319
0.354402,0.139213,0.16011,0.346276
0.348657,0.146074,0.163485,0.341784
0.355504,0.138176,0.153642,0.352678
0.352446,0.156294,0.166256,0.325003
0.356036,0.143531,0.163705,0.336728
0.353689,0.138021,0.157829,0.350461
0.357902,0.150457,0.169066,0.322574
0.339457,0.146276,0.175351,0.338917
0.333378,0.150618,0.177601,0.338403
0.344864,0.152857,0.173387,0.328892
0.328252,0.152502,0.175737,0.34351
0.317854,0.14906,0.167717,0.36537
0.322669,0.144738,0.166217,0.366376
0.326877,0.152064,0.167296,0.353763
0.315597,0.156958,0.168814,0.35863
0.333617,0.152961,0.172165,0.341257
0.311991,0.152475,0.176492,0.359043
0.309855,0.152586,0.17886,0.358699
0.296336,0.156783,0.175276,0.371604
0.31834,0.154429,0.168413,0.358818
0.317024,0.147997,0.177013,0.357966
0.309326,0.146753,0.172454,0.371467
0.315254,0.154869,0.173901,0.355976
0.315596,0.153124,0.174667,0.356612
0.307122,0.14968,0.176275,0.366923
0.308052,0.147156,0.171265,0.373526
0.320529,0.144247,0.166561,0.368662
0.313077,0.140941,0.163595,0.382387
0.321539,0.13815,0.161194,0.379117
0.304704,0.151141,0.164812,0.379343
0.306055,0.145096,0.172341,0.376508
0.31926,0.14728,0.171343,0.362116
0.312466,0.144797,0.178618,0.364118
0.30221,0.144245,0.173562,0.379984
0.316489,0.141069,0.176739,0.365702
0.315801,0.142505,0.174751,0.366942
0.319011,0.144249,0.173342,0.363398
0.321976,0.139038,0.169081,0.369905
0.303917,0.14678,0.173205,0.376098
0.305588,0.152086,0.175139,0.367188
0.310546,0.153638,0.175787,0.360029
0.323047,0.150812,0.180987,0.345153
0.33234,0.145665,0.174977,0.347018
0.322367,0.155399,0.179135,0.343098
0.312385,0.163438,0.189163,0.335014
0.319846,0.161544,0.184709,0.333902
0.312869,0.162736,0.177344,0.347051
0.302801,0.16825,0.188643,0.340306
0.310965,0.167452,0.186284,0.335299
0.316634,0.155112,0.185898,0.342355
0.318641,0.160337,0.182711,0.338311
0.330662,0.152114,0.174376,0.342848
0.334342,0.147192,0.178289,0.340177
0.338722,0.15129,0.168575,0.341413
0.34698,0.148933,0.165476,0.338611
0.342896,0.137884,0.162153,0.357067
0.337857,0.133847,0.176976,0.35132
0.341707,0.133595,0.171234,0.353465
0.342435,0.138838,0.166536,0.352191
0.342037,0.145527,0.158689,0.353747
0.327546,0.154301,0.169143,0.34901
0.326234,0.149802,0.170185,0.353779
0.320546,0.164173,0.16935,0.34593
0.310707,0.167711,0.162656,0.358926
0.330319,0.15858,0.169451,0.341651
0.331806,0.157697,0.167428,0.343069
0.327281,0.150422,0.165594,0.356703
0.3374,0.149278,0.166974,0.346348
0.343535,0.141598,0.160939,0.353929
0.345961,0.148016,0.157707,0.348316
0.337877,0.15134,0.16191,0.348873
0.329136,0.147846,0.167109,0.355909
0.328144,0.1476,0.171699,0.352557
0.336737,0.144424,0.164414,0.354425
0.337865,0.139608,0.163161,0.359367
0.342144,0.145626,0.158131,0.354098
0.339287,0.146789,0.162673,0.351252
0.340165,0.149397,0.161883,0.348555
0.341717,0.146352,0.164101,0.347829
0.350793,0.139506,0.160205,0.349496
0.35131,0.138285,0.155904,0.354502
0.346003,0.132725,0.164495,0.356777
0.349998,0.138037,0.164091,0.347874
0.34563,0.138194,0.16986,0.346316
0.344782,0.142255,0.172018,0.340945
0.342397,0.138919,0.172339,0.346344
0.356408,0.126945,0.170737,0.34591
0.354374,0.134851,0.175313,0.335461
0.339504,0.136079,0.184642,0.339774
0.343077,0.139262,0.179637,0.338025
0.341169,0.142468,0.178593,0.337769
0.330217,0.149647,0.182368,0.337768
0.327982,0.155214,0.179908,0.336896
0.337198,0.150848,0.176532,0.335422
0.323481,0.167386,0.17492,0.334213
0.330929,0.170932,0.178041,0.320098
0.34396,0.162167,0.171044,0.32283
0.339542,0.163138,0.173006,0.324315
0.360093,0.151176,0.170168,0.318563
0.358775,0.155773,0.165069,0.320383
0.354945,0.155551,0.166809,0.322695
0.367052,0.145945,0.164006,0.322997
0.362897,0.158186,0.164895,0.314022
0.35247,0.164215,0.158588,0.324727
0.343689,0.164857,0.159949,0.331505
0.349383,0.148337,0.163434,0.338846
0.35432,0.145613,0.158628,0.341439
0.351513,0.143275,0.156685,0.348527
0.362541,0.130843,0.154255,0.352361
0.365113,0.12921,0.153445,0.352232
0.361031,0.12569,0.156561,0.356717
0.362415,0.127287,0.157053,0.353246
0.359533,0.12352,0.153861,0.363087
0.351669,0.125109,0.154654,0.368568
0.358845,0.123922,0.15863,0.358603
0.358166,0.122748,0.156943,0.362143
0.35491,0.12967,0.162076,0.353344
0.352086,0.129301,0.161594,0.357019
0.356873,0.12903,0.158887,0.35521
0.361517,0.128766,0.156673,0.353044
0.364502,0.126013,0.157007,0.352478
0.376072,0.124962,0.151692,0.347273
0.368922,0.125746,0.154059,0.351274
0.355609,0.125805,0.153898,0.364689
0.361022,0.126551,0.156862,0.355564
0.341129,0.132351,0.162418,0.364102
0.339974,0.132727,0.161156,0.366143
0.342382,0.137533,0.161442,0.358644
0.344323,0.136979,0.165715,0.352984
0.348563,0.140197,0.165778,0.345462
0.361357,0.128113,0.159039,0.35149
0.366581,0.132014,0.156015,0.34539
0.361683,0.137288,0.155872,0.345157
0.355595,0.14167,0.157203,0.345533
0.345506,0.146794,0.158503,0.349197
0.339695,0.141184,0.156662,0.362459
0.332713,0.150796,0.158192,0.358299
0.328956,0.154528,0.157743,0.358773
0.327206,0.144836,0.149719,0.378239
0.323808,0.155568,0.155244,0.36538
0.31771,0.157662,0.153121,0.371507
0.31382,0.165785,0.149024,0.371371
0.306422,0.173405,0.144525,0.375648
0.322973,0.163609,0.15592,0.357497
0.317744,0.170686,0.152236,0.359334
0.328815,0.159599,0.154468,0.357118
0.325131,0.166356,0.154425,0.354088
0.330253,0.159237,0.150967,0.359543
0.336705,0.141612,0.15712,0.364563
0.342106,0.142087,0.154723,0.361084
0.347691,0.139647,0.151765,0.360898
0.345502,0.138115,0.156814,0.359568
0.349247,0.138263,0.152634,0.359856
0.352664,0.135171,0.151477,0.360688
0.347477,0.131581,0.15164,0.369302
0.344552,0.133976,0.14972,0.371752
0.343161,0.137315,0.149037,0.370487
0.343339,0.139872,0.148058,0.368732
0.334109,0.135903,0.154521,0.375467
0.336018,0.137288,0.158304,0.36839
0.336386,0.140885,0.156026,0.366703
0.333437,0.139462,0.160312,0.366789
0.332589,0.141841,0.161255,0.364315
0.331414,0.141367,0.160284,0.366935
0.333254,0.146821,0.15594,0.363985
0.323585,0.152324,0.159399,0.364692
0.332399,0.146383,0.155711,0.365508
0.33035,0.152866,0.159848,0.356936
0.324317,0.157364,0.159377,0.358942
0.328578,0.162844,0.163316,0.345262
0.332125,0.156588,0.157243,0.354045
0.327902,0.168816,0.156684,0.346597
0.329824,0.158822,0.153153,0.358201
0.335214,0.159626,0.154001,0.351159
0.329677,0.155724,0.15029,0.364309
0.329945,0.149912,0.153208,0.366935
0.335522,0.143349,0.147803,0.373326
0.336339,0.140755,0.151925,0.370982
0.337931,0.14703,0.153789,0.36125
0.334018,0.143136,0.15449,0.368357
0.336153,0.13885,0.155225,0.369773
0.331472,0.147285,0.159127,0.362116
0.33428,0.142601,0.155402,0.367717
0.340047,0.12686,0.149673,0.38342
0.341469,0.122566,0.148029,0.387935
0.34078,0.119736,0.14313,0.396354
0.343221,0.109765,0.140598,0.406416
0.341186,0.110868,0.143162,0.404784
0.334761,0.106965,0.143769,0.414505
0.337477,0.111491,0.143701,0.407331
0.320783,0.111715,0.148546,0.418956
0.322204,0.116079,0.149032,0.412685
0.325485,0.114522,0.146251,0.413742
0.320137,0.119054,0.154264,0.406545
0.323572,0.117447,0.152488,0.406493
0.325733,0.114632,0.156702,0.402934
0.322385,0.117488,0.154812,0.405314
0.30802,0.1192,0.157086,0.415694
0.3045,0.119965,0.153679,0.421856
0.306534,0.12095,0.162545,0.40997
0.327356,0.118829,0.148859,0.404956
0.347811,0.115818,0.151291,0.38508
0.336825,0.117783,0.150472,0.394919
0.340926,0.121755,0.155581,0.381738
0.336014,0.126934,0.158241,0.378811
0.352724,0.122557,0.158173,0.366546
0.352747,0.127607,0.167756,0.35189
0.359281,0.128116,0.163562,0.349041
0.364278,0.126271,0.163896,0.345554
0.369325,0.129893,0.160483,0.340299
0.379185,0.13569,0.160448,0.324678
0.378873,0.138062,0.159982,0.323083
0.374641,0.136913,0.159753,0.328694
0.379616,0.13699,0.153743,0.329652
0.39288,0.136758,0.155263,0.315099
0.392525,0.132026,0.149183,0.326266
0.406395,0.144927,0.148138,0.30054
0.40148,0.134396,0.150018,0.314105
0.404519,0.131172,0.150424,0.313885
0.413631,0.123621,0.147053,0.315695
0.397697,0.119373,0.147197,0.335733
0.406144,0.118113,0.143596,0.332147
0.403501,0.122111,0.145106,0.329282
0.395925,0.118138,0.150119,0.335818
0.384198,0.114443,0.145971,0.355389
0.379712,0.11654,0.153472,0.350276
0.377663,0.118097,0.147529,0.356712
0.362828,0.119095,0.145556,0.372521
0.350617,0.117496,0.144858,0.387029
0.340913,0.120927,0.147173,0.390988
0.335731,0.120194,0.14958,0.394495
0.32853,0.124176,0.147146,0.400148
0.327586,0.119575,0.143846,0.408993
0.32499,0.123277,0.14866,0.403073
0.327479,0.127164,0.150981,0.394376
0.310098,0.132268,0.155104,0.40253
0.327625,0.129674,0.155056,0.387646
0.312895,0.127969,0.15683,0.402306
0.300824,0.131484,0.156815,0.410876
0.318148,0.13032,0.150371,0.401162
0.321585,0.13648,0.149548,0.392386
0.330918,0.130298,0.147992,0.390792
0.328892,0.120189,0.146937,0.403983
0.331068,0.127415,0.15552,0.385997
0.335252,0.135144,0.154628,0.374976
0.335104,0.135885,0.157081,0.371931
0.316115,0.143016,0.157323,0.383545
0.324757,0.140036,0.156833,0.378373
0.333752,0.140127,0.153267,0.372854
0.353979,0.144868,0.149841,0.351313
0.37251,0.138936,0.154475,0.334079
0.364861,0.141346,0.149256,0.344537
0.363048,0.147816,0.150262,0.338874
0.362109,0.152143,0.149714,0.336034
0.348729,0.151656,0.15398,0.345636
0.354545,0.142916,0.155323,0.347216
0.354587,0.141981,0.151432,0.352
0.354408,0.147643,0.152895,0.345054
0.361826,0.156025,0.150895,0.331254
0.359923,0.157061,0.152822,0.330194
0.318861,0.164318,0.144846,0.371975
0.315699,0.161446,0.154172,0.368683
0.339646,0.155323,0.161426,0.343605
0.323535,0.160903,0.157095,0.358466
0.31543,0.157852,0.157161,0.369557
0.330823,0.161442,0.148036,0.359699
0.333672,0.154188,0.15359,0.358551
0.332646,0.159183,0.154437,0.353735
0.323232,0.156124,0.15146,0.369185
0.320088,0.150499,0.149265,0.380149
0.32196,0.147184,0.146433,0.384423
0.318662,0.15164,0.154705,0.374992
0.313712,0.141652,0.145027,0.399609
0.317208,0.140282,0.145715,0.396795
0.313624,0.140868,0.146482,0.399027
0.306495,0.135602,0.141729,0.416174
0.308436,0.137305,0.149621,0.404638
0.300318,0.135519,0.150885,0.413278
0.30495,0.136692,0.150791,0.407568
0.301999,0.136192,0.150331,0.411477
0.298251,0.137052,0.159786,0.404911
0.29896,0.13884,0.151054,0.411146
0.292719,0.139865,0.149491,0.417926
0.299058,0.144242,0.157265,0.399435
0.300894,0.141325,0.14959,0.408191
0.284474,0.144362,0.149508,0.421657
0.302895,0.14052,0.147972,0.408614
0.298747,0.134547,0.147136,0.41957
0.30777,0.138431,0.147895,0.405903
0.298427,0.136115,0.148824,0.416633
0.30632,0.135057,0.148772,0.409851
0.302415,0.138726,0.149521,0.409337
0.308031,0.136408,0.152507,0.403055
0.327985,0.138041,0.151829,0.382145
0.338552,0.135459,0.13812,0.38787
0.325816,0.128807,0.1414,0.403976
0.325076,0.120962,0.142781,0.41118
0.321332,0.12545,0.143706,0.409512
0.32283,0.126569,0.14117,0.409431
0.307028,0.127541,0.143933,0.421498
0.296946,0.149682,0.141394,0.411977
0.282388,0.139743,0.143472,0.434398
0.296305,0.140612,0.145812,0.417271
0.295228,0.138299,0.140306,0.426167
0.292948,0.13037,0.130296,0.446386
0.301363,0.133902,0.13911,0.425625
0.284894,0.122978,0.127293,0.464836
0.28987,0.132611,0.135278,0.442242
0.287052,0.131911,0.135943,0.445094
0.277227,0.133082,0.134747,0.454945
0.291053,0.122274,0.135525,0.451148
0.288302,0.125368,0.130991,0.455338
0.285009,0.12856,0.127129,0.459301
0.289731,0.122458,0.120549,0.467262
0.277515,0.11757,0.118571,0.486344
0.277965,0.130298,0.11996,0.471777
0.27214,0.129536,0.119308,0.479016
0.273689,0.129245,0.118773,0.478293
0.278966,0.130236,0.118425,0.472373
0.271228,0.137708,0.117272,0.473791
0.274936,0.13017,0.121139,0.473754
0.273203,0.125429,0.112452,0.488917
0.269253,0.128383,0.114994,0.48737
0.271039,0.135156,0.120326,0.473479
0.268699,0.134493,0.126194,0.470613
0.260629,0.12424,0.11466,0.500471
0.259446,0.129356,0.121992,0.489206
0.263459,0.131231,0.11964,0.485671
0.269683,0.127805,0.126949,0.475563
0.270582,0.126621,0.121807,0.48099
0.278725,0.136833,0.122497,0.461946
0.290971,0.137795,0.126411,0.444824
0.277988,0.13714,0.124879,0.459994
0.287572,0.133931,0.131855,0.446642
0.287709,0.137422,0.136011,0.438858
0.295746,0.123666,0.136829,0.443758
0.295423,0.133433,0.134414,0.43673
0.299713,0.137351,0.136633,0.426303
0.31089,0.131456,0.131054,0.426599
0.306446,0.134086,0.128766,0.430702
0.301401,0.135802,0.126511,0.436286
0.304704,0.13486,0.12401,0.436426
0.295538,0.130956,0.124229,0.449277
0.316268,0.12071,0.122072,0.440951
0.315385,0.125114,0.121769,0.437732
0.312657,0.13121,0.134121,0.422012
0.305309,0.133971,0.124287,0.436432
0.31978,0.131117,0.129333,0.41977
0.312112,0.128466,0.122929,0.436494
0.308506,0.133062,0.125874,0.432557
0.321657,0.132516,0.131505,0.414322
0.321703,0.127496,0.127696,0.423105
0.317804,0.123121,0.125944,0.433131
0.312955,0.130659,0.129173,0.427212
0.315904,0.136957,0.135914,0.411225
0.305623,0.148559,0.14564,0.400177
0.31492,0.141939,0.142558,0.400583
0.330152,0.145357,0.141479,0.383012
0.319387,0.142754,0.142373,0.395486
0.328625,0.141063,0.137661,0.392651
0.348352,0.133994,0.133632,0.384021
0.325783,0.141094,0.13767,0.395453
0.330207,0.155882,0.136472,0.377439
0.335107,0.147891,0.135604,0.381398
0.326381,0.150582,0.134619,0.388418
0.335018,0.142371,0.131109,0.391503
0.331457,0.146994,0.136019,0.38553
0.327802,0.147929,0.135067,0.389201
0.342096,0.138798,0.135362,0.383744
0.330495,0.146583,0.138732,0.384189
0.323294,0.148622,0.139866,0.388218
0.339523,0.147687,0.137335,0.375455
0.33653,0.150251,0.140637,0.372582
0.351897,0.150235,0.138031,0.359836
0.353561,0.144559,0.136443,0.365437
0.345162,0.140808,0.137014,0.377016
0.36024,0.146187,0.129554,0.364019
0.355909,0.149852,0.131627,0.362611
0.375195,0.145321,0.13025,0.349234
0.367502,0.139536,0.131449,0.361514
0.352228,0.143262,0.130665,0.373845
0.360082,0.13774,0.130785,0.371393
0.359988,0.135413,0.129439,0.37516
0.355701,0.146167,0.133823,0.364309
0.353417,0.14731,0.13618,0.363092
0.361785,0.147816,0.138548,0.351852
0.355541,0.150776,0.139295,0.354388
0.353229,0.145853,0.147351,0.353567
0.34304,0.151058,0.144138,0.361764
0.340852,0.15548,0.149637,0.354031
0.346573,0.140143,0.156699,0.356585
0.340149,0.152008,0.155037,0.352806
0.325172,0.15587,0.160353,0.358605
0.350266,0.145768,0.15498,0.348985
0.345986,0.142095,0.152847,0.359072
0.343117,0.147669,0.1544,0.354814
0.343209,0.142049,0.148224,0.366518
0.331409,0.150367,0.160786,0.357438
0.337573,0.144327,0.154904,0.363195
0.342873,0.139445,0.150386,0.367297
0.342922,0.138297,0.146788,0.371994
0.339217,0.140407,0.145539,0.374838
0.342244,0.144583,0.152486,0.360687
0.319348,0.13904,0.151948,0.389664
0.306805,0.137801,0.15148,0.403914
0.328678,0.133141,0.151778,0.386403
0.34185,0.133,0.153208,0.371942
0.341406,0.136469,0.148154,0.373971
0.339038,0.123201,0.150601,0.38716
0.326957,0.129033,0.152751,0.391258
0.328928,0.132155,0.155037,0.38388
0.306667,0.135969,0.149789,0.407576
0.30132,0.132931,0.150911,0.414837
0.312097,0.125752,0.15014,0.41201
0.316459,0.123907,0.146458,0.413176
0.31427,0.127916,0.150836,0.406978
0.306844,0.135513,0.159346,0.398297
0.331831,0.128974,0.148855,0.39034
0.320938,0.131294,0.150021,0.397747
0.320708,0.134379,0.150447,0.394465
0.326969,0.139489,0.155012,0.378529
0.336196,0.124495,0.149357,0.389952
0.336516,0.128972,0.14797,0.386542
0.347732,0.139413,0.154712,0.358143
0.352827,0.135727,0.154994,0.356452
0.339153,0.140775,0.157634,0.362438
0.328784,0.141093,0.162249,0.367874
0.327056,0.14266,0.166858,0.363427
0.331435,0.146887,0.160938,0.360739
0.340775,0.139817,0.16411,0.355298
0.351975,0.128378,0.160353,0.359294
0.344011,0.13788,0.153439,0.36467
0.340258,0.131705,0.158922,0.369115
0.338121,0.131601,0.159261,0.371017
0.339153,0.136538,0.153455,0.370855
0.333636,0.125868,0.157865,0.38263
0.345528,0.129849,0.157308,0.367315
0.331063,0.131598,0.163204,0.374134
0.31894,0.131606,0.162505,0.386949
0.33739,0.137713,0.166413,0.358483
0.346523,0.132293,0.159454,0.361729
0.344834,0.129677,0.157693,0.367796
0.338818,0.132648,0.158719,0.369815
0.338458,0.135653,0.157367,0.368522
0.337063,0.145158,0.159004,0.358775
0.337707,0.134412,0.164874,0.363008
0.355787,0.128945,0.161926,0.353343
0.347189,0.131305,0.162259,0.359247
0.345075,0.128654,0.159398,0.366873
0.339172,0.130792,0.162271,0.367765
0.330184,0.137533,0.167973,0.36431
0.335912,0.128348,0.15565,0.38009
0.325953,0.13841,0.157937,0.377701
0.323987,0.147426,0.168418,0.360169
0.329184,0.140763,0.166674,0.363378
0.345165,0.146069,0.164207,0.344559
0.342361,0.145412,0.163148,0.34908
0.308991,0.156977,0.17101,0.363022
0.317236,0.158738,0.165562,0.358465
0.310727,0.157074,0.165253,0.366947
0.324548,0.152728,0.161466,0.361259
0.331701,0.149905,0.161521,0.356873
0.329464,0.152726,0.159607,0.358203
0.32907,0.160882,0.160707,0.349341
0.319037,0.161796,0.165379,0.353788
0.320633,0.165549,0.165888,0.34793
0.327453,0.159025,0.164429,0.349093
0.330118,0.163936,0.163121,0.342825
0.329411,0.166858,0.159785,0.343946
0.319515,0.166345,0.16855,0.34559
0.312826,0.154242,0.169898,0.363033
0.323858,0.153762,0.173124,0.349256
0.327614,0.171788,0.168565,0.332033
0.326133,0.168091,0.166269,0.339507
0.328337,0.168952,0.170149,0.332561
0.317792,0.165926,0.173169,0.343112
0.310292,0.167113,0.17023,0.352365
0.316592,0.170901,0.162087,0.350419
0.325816,0.152667,0.166361,0.355156
0.328279,0.157899,0.1646,0.349223
0.333315,0.164507,0.166906,0.335272
0.322249,0.173326,0.172525,0.3319
0.320464,0.164014,0.170193,0.345329
0.32604,0.174868,0.168003,0.331089
0.347833,0.160829,0.160223,0.331116
0.367388,0.15436,0.155769,0.322482
0.36613,0.15918,0.154225,0.320464
0.367173,0.151942,0.154622,0.326263
0.353249,0.166776,0.155942,0.324033
0.353857,0.166252,0.154697,0.325194
0.339765,0.170219,0.162341,0.327674
0.340948,0.173635,0.159478,0.325939
0.340956,0.159384,0.165123,0.334537
0.3356,0.159534,0.163189,0.341677
0.333009,0.158636,0.161935,0.34642
0.319518,0.168507,0.162769,0.349206
0.306747,0.1803,0.161029,0.351923
0.308095,0.179698,0.169254,0.342954
0.31349,0.174187,0.170246,0.342078
0.312209,0.172066,0.166683,0.349042
0.307836,0.167345,0.172255,0.352563
0.319408,0.163687,0.172416,0.344489
0.326519,0.159559,0.176555,0.337367
0.330357,0.149424,0.161509,0.35871
0.335107,0.142207,0.156133,0.366553
0.333056,0.152698,0.158527,0.355719
0.332893,0.146704,0.15396,0.366443
0.336365,0.140315,0.156738,0.366581
0.334749,0.1479,0.159071,0.358281
0.343976,0.134796,0.152013,0.369215
0.344156,0.13108,0.149516,0.375248
0.330297,0.141293,0.1537,0.37471
0.342498,0.134065,0.149032,0.374405
0.329613,0.133303,0.154749,0.382335
0.331784,0.13346,0.161634,0.373123
0.321917,0.134841,0.161647,0.381594
0.32278,0.139124,0.165696,0.372401
0.329647,0.142995,0.168659,0.3587
0.333626,0.131915,0.162664,0.371795
0.320737,0.137513,0.160268,0.381482
0.325925,0.131776,0.163523,0.378776
0.327742,0.125976,0.159684,0.386598
0.324666,0.122922,0.157279,0.395133
0.330214,0.121591,0.154373,0.393822
0.326354,0.129245,0.161859,0.382542
0.33168,0.132615,0.157781,0.377924
0.328399,0.131358,0.163745,0.376498
0.333476,0.129598,0.169325,0.367601
0.337117,0.128647,0.163828,0.370407
0.34636,0.127525,0.164601,0.361514
0.346535,0.13087,0.164968,0.357627
0.334647,0.134601,0.162948,0.367804
0.337986,0.133342,0.166985,0.361688
0.334949,0.13432,0.16405,0.366682
0.336125,0.132458,0.161147,0.37027
0.353625,0.126747,0.160765,0.358862
0.348124,0.131784,0.161021,0.359071
0.34594,0.131377,0.163278,0.359405
0.343535,0.138446,0.164394,0.353625
0.332232,0.136946,0.166202,0.36462
0.342385,0.139945,0.158173,0.359497
0.332671,0.135922,0.164724,0.366683
0.331743,0.138532,0.162519,0.367206
0.328281,0.14033,0.165195,0.366193
0.332938,0.144512,0.158334,0.364217
0.333305,0.148915,0.152088,0.365693
0.334842,0.147773,0.154448,0.362937
0.336083,0.146474,0.155474,0.361969
0.332181,0.15351,0.155972,0.358337
0.341139,0.140804,0.155004,0.363053
0.329406,0.152311,0.160799,0.357485
0.340397,0.145423,0.159227,0.354954
0.339232,0.13901,0.157356,0.364401
0.337113,0.150179,0.159008,0.3537
0.352985,0.135249,0.158629,0.353137
0.350485,0.138656,0.161838,0.349021
0.347641,0.136629,0.156916,0.358815
0.345308,0.14354,0.162715,0.348437
0.330429,0.151857,0.165736,0.351978
0.331663,0.140564,0.170136,0.357636
0.329624,0.1419,0.173072,0.355404
0.311627,0.157494,0.17283,0.358049
0.317612,0.150173,0.172561,0.359654
0.326334,0.144415,0.17223,0.35702
0.333827,0.138204,0.166913,0.361056
0.32462,0.142298,0.170454,0.362627
0.335101,0.138055,0.173273,0.353571
0.326763,0.14026,0.170399,0.362578
0.334388,0.136409,0.170307,0.358896
0.321672,0.146578,0.17182,0.35993
0.338094,0.144488,0.168639,0.348778
0.332088,0.138664,0.165908,0.363341
0.327957,0.143459,0.166116,0.362468
0.338946,0.142585,0.167584,0.350886
0.335436,0.141572,0.163873,0.359119
0.341996,0.133908,0.159008,0.365087
0.329278,0.146567,0.164007,0.360148
0.344609,0.13232,0.157617,0.365453
0.342824,0.139498,0.156226,0.361452
0.361227,0.12913,0.160226,0.349418
0.364395,0.127948,0.160465,0.347192
0.36978,0.127089,0.164433,0.338699
0.380216,0.120694,0.157057,0.342033
0.356682,0.125925,0.156082,0.361311
0.352871,0.12756,0.164576,0.354992
0.351238,0.117477,0.157568,0.373717
0.359495,0.126036,0.159558,0.354911
0.344587,0.124645,0.162665,0.368103
0.346978,0.124909,0.163247,0.364866
0.350541,0.129531,0.160315,0.359613
0.347653,0.139322,0.16212,0.350906
0.360173,0.121836,0.154757,0.363233
0.34868,0.126265,0.156302,0.368754
0.352518,0.123917,0.15363,0.369936
0.353873,0.128813,0.156538,0.360776
0.361219,0.135443,0.155177,0.348161
0.357468,0.137501,0.155883,0.349148
0.351314,0.135025,0.157946,0.355714
0.350528,0.134487,0.155156,0.359828
0.358638,0.128393,0.156521,0.356447
0.354622,0.129917,0.156963,0.358498
0.354768,0.129274,0.15937,0.356588
0.347184,0.130028,0.155002,0.367786
0.347378,0.131726,0.153095,0.3678
0.342697,0.135877,0.155068,0.366358
0.347468,0.129756,0.153578,0.369198
0.351639,0.127747,0.153538,0.367076
0.348104,0.129277,0.153878,0.368742
0.336845,0.132195,0.162067,0.368893
0.336324,0.131411,0.158124,0.374141
0.333184,0.133154,0.158077,0.375585
0.336788,0.132369,0.159037,0.371807
0.336897,0.130377,0.156869,0.375857
0.336672,0.130574,0.159074,0.37368
0.340825,0.127982,0.152486,0.378707
0.32701,0.130076,0.154963,0.387951
0.329001,0.133408,0.159224,0.378367
0.337712,0.127607,0.149706,0.384976
0.340543,0.128618,0.151157,0.379681
0.332777,0.123943,0.145528,0.397753
0.34738,0.12895,0.139009,0.384662
