EWY,KRW=X,IEF,GLD
0.432378,0.302501,0.172843,0.0922789
0.422565,0.304902,0.181306,0.0912264
0.425976,0.301492,0.180827,0.0917045
0.421708,0.30182,0.18484,0.0916313
0.426058,0.310482,0.168292,0.0951677
0.42597,0.317179,0.16921,0.08764
0.419256,0.328873,0.167599,0.0842727
0.422859,0.32463,0.169478,0.0830325
0.414765,0.340932,0.162894,0.0814086
0.42406,0.327108,0.16779,0.0810422
0.40827,0.339585,0.170773,0.0813715
0.423742,0.331006,0.161799,0.0834524
0.432249,0.323148,0.156533,0.0880694
0.439915,0.317831,0.155461,0.0867923
0.452092,0.305613,0.154426,0.0878702
0.458925,0.312229,0.146448,0.0823974
0.475643,0.306798,0.135473,0.082086
0.467463,0.313815,0.135287,0.0834351
0.477412,0.311168,0.125449,0.0859724
0.485883,0.299924,0.128657,0.0855363
0.492491,0.296649,0.124269,0.0865906
0.485573,0.301755,0.132622,0.0800506
0.4912,0.291686,0.137359,0.0797551
0.473346,0.300208,0.146011,0.0804344
0.473908,0.297611,0.146046,0.0824344
0.470838,0.303128,0.138661,0.0873728
0.470201,0.305656,0.134541,0.0896025
0.474237,0.299881,0.134566,0.091316
0.466409,0.302431,0.136337,0.0948233
0.475174,0.308048,0.125776,0.091002
0.470393,0.319104,0.125496,0.0850073
0.457625,0.330373,0.128189,0.083814
0.467493,0.321085,0.130584,0.0808381
0.457459,0.325699,0.133717,0.0831247
0.446659,0.339003,0.134545,0.0797923
0.462005,0.325423,0.131944,0.0806273
0.472528,0.322352,0.122317,0.082804
0.459871,0.331287,0.127254,0.0815888
0.465057,0.324959,0.130302,0.0796814
0.46633,0.309616,0.142748,0.0813056
0.471458,0.311747,0.131933,0.0848616
0.463683,0.3176,0.135815,0.0829017
0.471221,0.313955,0.130587,0.0842363
0.467786,0.307123,0.140534,0.0845575
0.494297,0.288532,0.13412,0.0830507
0.493145,0.291774,0.133798,0.0812835
0.506376,0.287585,0.123437,0.0826026
0.506501,0.294914,0.116268,0.0823168
0.503519,0.294263,0.116419,0.0857994
0.508857,0.288887,0.114035,0.0882206
0.50958,0.275621,0.126643,0.088156
0.508787,0.285166,0.120456,0.085591
0.513991,0.278301,0.124559,0.0831486
0.502023,0.291243,0.123409,0.0833259
0.504302,0.286854,0.12904,0.0798038
0.49191,0.294062,0.137302,0.0767258
0.48286,0.301184,0.138734,0.0772218
0.474577,0.309828,0.136172,0.0794225
0.492278,0.301503,0.125387,0.0808315
0.482546,0.306374,0.133522,0.0775571
0.473967,0.322152,0.130758,0.0731228
0.481584,0.329175,0.118808,0.0704325
0.455807,0.354818,0.12088,0.0684948
0.460982,0.348207,0.122179,0.0686317
0.455413,0.352821,0.122142,0.0696237
0.462984,0.345319,0.122131,0.0695657
0.452198,0.35243,0.119995,0.0753772
0.462417,0.342387,0.119861,0.0753344
0.462205,0.335347,0.130404,0.0720441
0.456292,0.351561,0.123515,0.0686312
0.464476,0.3431,0.122705,0.0697191
0.466191,0.344128,0.124071,0.0656108
0.457333,0.346072,0.128954,0.0676408
0.451351,0.347064,0.131895,0.0696896
0.470391,0.330716,0.125383,0.0735097
0.454421,0.334356,0.139614,0.0716085
0.46595,0.323928,0.138848,0.0712734
0.461419,0.319144,0.151876,0.0675612
0.457727,0.31825,0.152202,0.0718212
0.448564,0.32424,0.154667,0.0725287
0.457329,0.313486,0.142142,0.0870424
0.446504,0.33117,0.138899,0.0834267
0.462136,0.320078,0.131919,0.0858663
0.464669,0.31421,0.130695,0.0904247
0.447962,0.332479,0.135331,0.0842279
0.450758,0.332691,0.135709,0.0808427
0.459404,0.323393,0.139947,0.0772571
0.44754,0.343914,0.131104,0.0774423
0.451186,0.327446,0.144362,0.0770058
0.436155,0.325384,0.155606,0.0828551
0.439677,0.338099,0.137148,0.0850767
0.466195,0.311768,0.133079,0.0889574
0.459718,0.316234,0.141751,0.0822968
0.464367,0.316202,0.138125,0.0813057
0.454227,0.334319,0.131113,0.0803415
0.445554,0.336596,0.140964,0.0768863
0.449104,0.336913,0.133044,0.0809391
0.443767,0.343296,0.123433,0.0895036
0.438855,0.359658,0.117594,0.0838941
0.446552,0.353213,0.117006,0.083229
0.44048,0.36474,0.109464,0.0853157
0.44852,0.349985,0.124061,0.0774341
0.44437,0.362821,0.112243,0.0805658
0.438613,0.364052,0.119827,0.0775081
0.434388,0.363861,0.11298,0.0887711
0.430085,0.367097,0.118609,0.0842086
0.449787,0.350312,0.112079,0.0878214
0.449474,0.340214,0.125578,0.0847341
0.437483,0.352469,0.126576,0.0834727
0.429315,0.365295,0.124194,0.0811962
0.433993,0.363572,0.121868,0.0805672
0.434853,0.36271,0.126521,0.0759151
0.435413,0.370289,0.111254,0.0830437
0.441126,0.362145,0.11116,0.0855691
0.437226,0.352902,0.118932,0.0909393
0.44403,0.34854,0.115032,0.0923984
0.450578,0.339166,0.12099,0.0892667
0.441235,0.339199,0.131607,0.0879588
0.456907,0.334947,0.119449,0.0886968
0.464918,0.322881,0.117866,0.094335
0.443238,0.34052,0.117934,0.098308
0.456842,0.326254,0.12134,0.0955642
0.459304,0.324752,0.120478,0.0954657
0.462769,0.322664,0.120228,0.0943382
0.465778,0.321234,0.118288,0.0947001
0.460675,0.321157,0.122335,0.0958338
0.459039,0.327293,0.119815,0.0938537
0.475692,0.313383,0.115178,0.0957469
0.460746,0.326223,0.120514,0.0925174
0.461625,0.324374,0.120447,0.0935546
0.448993,0.326433,0.118122,0.106452
0.463266,0.310333,0.131521,0.0948798
0.467829,0.312829,0.127591,0.0917511
0.460756,0.316111,0.12978,0.0933529
0.462112,0.309482,0.134298,0.0941076
0.45976,0.321058,0.127149,0.0920326
0.461915,0.314848,0.128521,0.0947162
0.469362,0.317657,0.122925,0.0900561
0.46917,0.328281,0.113065,0.089483
0.466571,0.324961,0.125205,0.0832637
0.488369,0.307051,0.117739,0.0868408
0.488044,0.307935,0.119491,0.0845291
0.472548,0.319036,0.127501,0.0809146
0.479294,0.317661,0.121946,0.0810992
0.475932,0.318027,0.123731,0.0823103
0.457133,0.332122,0.12909,0.0816553
0.459798,0.327688,0.131825,0.0806892
0.447009,0.342791,0.129921,0.080279
0.45505,0.344301,0.121234,0.0794147
0.448763,0.344233,0.130147,0.0768573
0.459661,0.334828,0.132659,0.0728518
0.454506,0.346938,0.124037,0.0745189
0.452854,0.339358,0.131133,0.0766545
0.443994,0.353124,0.121678,0.0812045
0.458469,0.340858,0.118595,0.0820781
0.447262,0.347254,0.126373,0.079111
0.453658,0.339149,0.128338,0.0788544
0.441453,0.348144,0.132342,0.0780608
0.437321,0.352504,0.127767,0.0824074
0.427436,0.355556,0.131024,0.0859844
0.447229,0.338151,0.130132,0.084488
0.433835,0.355895,0.129983,0.0802861
0.441161,0.349984,0.125474,0.0833809
0.446516,0.348171,0.123556,0.0817564
0.438224,0.352343,0.131403,0.0780294
0.433382,0.361592,0.123433,0.0815925
0.440324,0.365736,0.10956,0.0843791
0.440076,0.370787,0.102177,0.0869598
0.439394,0.365287,0.10889,0.0864289
0.427505,0.375677,0.108183,0.0886348
0.44136,0.356721,0.112031,0.0898882
0.428457,0.372672,0.104507,0.0943633
0.439143,0.363731,0.108919,0.0882062
0.442653,0.361917,0.104773,0.0906571
0.426406,0.378691,0.10176,0.0931433
0.413982,0.387329,0.107883,0.0908062
0.424357,0.382254,0.109661,0.0837284
0.417781,0.391279,0.0997475,0.0911929
0.418087,0.396103,0.096583,0.089227
0.422258,0.397219,0.0973663,0.0831575
0.423844,0.387351,0.0945572,0.094248
0.412424,0.3961,0.0979961,0.0934799
0.39607,0.413288,0.101222,0.0894192
0.405535,0.402258,0.104874,0.0873326
0.411528,0.395325,0.0942657,0.0988817
0.413367,0.396612,0.0909226,0.0990986
0.398357,0.414657,0.0920828,0.0949039
0.401723,0.407918,0.0958858,0.0944729
0.399793,0.40246,0.108136,0.089611
0.408706,0.405123,0.0970348,0.0891361
0.40658,0.413299,0.0974007,0.0827199
0.421113,0.397604,0.0996705,0.081612
0.425484,0.389982,0.0990177,0.0855157
0.430619,0.383352,0.0955763,0.090453
0.419375,0.389096,0.107148,0.0843811
0.418078,0.387146,0.103015,0.0917605
0.414412,0.382886,0.102832,0.0998692
0.417229,0.383524,0.0991604,0.100087
0.41749,0.385203,0.0976587,0.0996485
0.405542,0.400576,0.0974771,0.0964048
0.412016,0.393951,0.0947961,0.0992365
0.410837,0.392491,0.0961871,0.100484
0.416866,0.37817,0.0993584,0.105606
0.4208,0.377385,0.0997921,0.102023
0.42914,0.369763,0.0955133,0.105583
0.436365,0.364625,0.0948831,0.104126
0.432656,0.360989,0.0979112,0.108444
0.443654,0.355816,0.0938722,0.106657
0.432713,0.354305,0.0901947,0.122788
0.422647,0.370259,0.0917875,0.115307
0.422399,0.368822,0.0975474,0.111231
0.428585,0.359905,0.0956831,0.115827
0.432783,0.355448,0.0965928,0.115176
0.42424,0.35464,0.106015,0.115105
0.431531,0.347955,0.098765,0.121749
0.428434,0.352143,0.099609,0.119814
0.428209,0.349832,0.0985554,0.123404
0.427221,0.349525,0.10757,0.115684
0.428755,0.35272,0.100956,0.117568
0.410584,0.360636,0.102479,0.126301
0.421456,0.3472,0.109413,0.12193
0.409564,0.351493,0.112397,0.126546
0.414426,0.349288,0.112675,0.123611
0.415851,0.335573,0.11848,0.130096
0.417154,0.34063,0.122555,0.11966
0.410374,0.345815,0.123918,0.119892
0.421097,0.330318,0.122875,0.12571
0.421498,0.3338,0.12348,0.121222
0.426675,0.341021,0.111938,0.120366
0.418719,0.338303,0.111353,0.131625
0.431967,0.336186,0.119931,0.111916
0.427189,0.337984,0.110142,0.124684
0.425994,0.337673,0.115041,0.121292
0.429335,0.328188,0.122513,0.119965
0.437053,0.332272,0.108165,0.122511
0.432981,0.32912,0.10495,0.132949
0.437119,0.316203,0.11107,0.135608
0.440888,0.306303,0.120961,0.131848
0.437194,0.317896,0.119845,0.125064
0.423953,0.332124,0.121238,0.122684
0.425352,0.331907,0.118734,0.124007
0.416954,0.335846,0.128246,0.118954
0.417268,0.34079,0.121009,0.120934
0.404337,0.348928,0.135156,0.111579
0.409603,0.339998,0.132138,0.11826
0.409785,0.337561,0.136316,0.116338
0.418707,0.334009,0.13801,0.109274
0.422806,0.328013,0.141836,0.107344
0.432369,0.32105,0.143742,0.10284
0.436958,0.328381,0.139887,0.0947735
0.410377,0.345598,0.132335,0.11169
0.404136,0.345412,0.131394,0.119058
0.41134,0.346591,0.122782,0.119287
0.41497,0.34611,0.118446,0.120474
0.421137,0.342685,0.118438,0.11774
0.418106,0.340564,0.127392,0.113938
0.419068,0.336652,0.137443,0.106837
0.41468,0.342995,0.137848,0.104477
0.410742,0.339387,0.136172,0.113699
0.40988,0.333821,0.150244,0.106055
0.413192,0.334855,0.138623,0.11333
0.409303,0.333157,0.146657,0.110883
0.404966,0.345755,0.140251,0.109029
0.395488,0.353567,0.144576,0.106369
0.397931,0.350872,0.125505,0.125692
0.405565,0.348701,0.124684,0.121051
0.399896,0.349917,0.13292,0.117267
0.407934,0.34616,0.139274,0.106632
0.415285,0.335947,0.132634,0.116134
0.416704,0.331265,0.136437,0.115595
0.413231,0.341816,0.143161,0.101792
0.424966,0.31892,0.143954,0.11216
0.431215,0.321416,0.136959,0.110409
0.437114,0.322242,0.133702,0.106941
0.426343,0.320802,0.144447,0.108409
0.432585,0.320864,0.128862,0.117689
0.439176,0.314171,0.131767,0.114887
0.436311,0.320953,0.13249,0.110246
0.435257,0.323166,0.135695,0.105883
0.422629,0.319579,0.146804,0.110988
0.430333,0.324851,0.13747,0.107347
0.431399,0.318484,0.140023,0.110094
0.432805,0.318903,0.142387,0.105906
0.441894,0.311822,0.136501,0.109783
0.444478,0.306876,0.135513,0.113133
0.440216,0.308339,0.150658,0.100788
0.439349,0.308387,0.152266,0.0999977
0.436164,0.318452,0.14448,0.100904
0.436184,0.314134,0.145763,0.103919
0.457076,0.30242,0.142748,0.0977563
0.457919,0.298036,0.143198,0.100847
0.460384,0.303613,0.135492,0.100511
0.470977,0.300533,0.128986,0.0995045
0.472781,0.285925,0.143582,0.0977128
0.476198,0.283056,0.149198,0.0915486
0.458264,0.300806,0.147696,0.093233
0.454967,0.306901,0.146621,0.0915101
0.449281,0.307468,0.154267,0.0889843
0.44572,0.297099,0.168396,0.0887855
0.437577,0.308096,0.165303,0.0890242
0.448305,0.290446,0.167546,0.0937033
0.447109,0.296469,0.165191,0.0912309
0.466861,0.288551,0.159251,0.0853366
0.478431,0.274071,0.154265,0.0932334
0.471133,0.273192,0.169247,0.0864279
0.471773,0.285529,0.154892,0.0878057
0.464927,0.28969,0.153679,0.0917034
0.455558,0.296568,0.15295,0.0949243
0.465063,0.2879,0.157843,0.0891934
0.471955,0.291196,0.150698,0.0861516
0.470687,0.278695,0.161389,0.0892286
0.461218,0.286074,0.163555,0.0891535
0.453841,0.299889,0.160316,0.0859535
0.461083,0.293619,0.160338,0.08496
0.458038,0.297501,0.162653,0.0818082
0.458753,0.301608,0.155162,0.0844777
0.461022,0.290949,0.16026,0.0877696
0.464873,0.286019,0.163792,0.0853151
0.458654,0.298482,0.159029,0.0838346
0.458685,0.295954,0.161684,0.0836772
0.475958,0.282529,0.158233,0.0832792
0.469452,0.288112,0.160267,0.0821698
0.468454,0.285459,0.164051,0.0820355
0.441811,0.313877,0.16418,0.0801327
0.444983,0.313366,0.164556,0.0770953
0.459186,0.308673,0.157529,0.0746112
0.460354,0.303685,0.157701,0.0782599
0.461763,0.297968,0.161624,0.0786451
0.45055,0.318098,0.154438,0.0769146
0.452295,0.311512,0.157422,0.0787718
0.465337,0.303623,0.15621,0.0748297
0.478833,0.297465,0.153103,0.0705985
0.465902,0.302737,0.155994,0.0753673
0.479375,0.302117,0.140836,0.0776723
0.476588,0.294964,0.160619,0.0678291
0.470885,0.30552,0.157595,0.0660006
0.469213,0.307232,0.159301,0.0642545
0.458456,0.314001,0.158668,0.0688748
0.469215,0.3137,0.149095,0.0679901
0.478381,0.298784,0.156662,0.0661728
0.469098,0.308239,0.160039,0.0626242
0.483062,0.304271,0.145148,0.0675183
0.463888,0.314911,0.152964,0.0682374
0.473936,0.311869,0.143444,0.0707506
0.472341,0.308834,0.147629,0.0711958
0.493115,0.287686,0.144348,0.0748499
0.486646,0.292569,0.146318,0.0744669
0.491376,0.28991,0.142984,0.0757298
0.458161,0.314991,0.155162,0.0716861
0.476185,0.298257,0.152917,0.0726397
0.468296,0.313687,0.146529,0.0714868
0.463216,0.312708,0.152537,0.0715396
0.464841,0.310978,0.154517,0.069665
0.466899,0.312624,0.150051,0.0704258
0.456597,0.323258,0.149185,0.0709594
0.461869,0.311112,0.154255,0.0727642
0.472872,0.292483,0.157875,0.0767691
0.477898,0.301145,0.146009,0.0749476
0.469641,0.304606,0.149269,0.0764839
0.486639,0.295577,0.141791,0.0759932
0.483664,0.309657,0.133305,0.0733736
0.479583,0.302351,0.147909,0.0701578
0.478855,0.299007,0.149396,0.0727417
0.497332,0.292895,0.135256,0.0745175
0.493137,0.29826,0.13544,0.0731631
0.511032,0.275989,0.13876,0.0742182
0.513043,0.272956,0.140506,0.0734953
0.489694,0.299647,0.136469,0.0741899
0.487698,0.297351,0.143993,0.0709589
0.49467,0.296179,0.14166,0.0674907
0.486829,0.301179,0.145187,0.0668056
0.496612,0.291469,0.14409,0.067828
0.505951,0.280485,0.144489,0.0690762
0.500979,0.283361,0.143681,0.0719802
0.491299,0.292194,0.146251,0.0702565
0.506275,0.27751,0.146069,0.0701461
0.489586,0.295349,0.14997,0.0650956
0.503027,0.278751,0.1505,0.0677215
0.510388,0.273923,0.149657,0.0660326
0.510117,0.276107,0.146025,0.0677506
0.51573,0.278065,0.137854,0.0683516
0.519303,0.271487,0.138549,0.0706612
0.532483,0.257992,0.137706,0.0718188
0.531831,0.259691,0.133363,0.0751145
0.521195,0.267964,0.136475,0.0743656
0.514618,0.271542,0.145496,0.0683439
0.532582,0.268358,0.129628,0.0694327
0.517655,0.274042,0.13684,0.0714632
0.526458,0.26498,0.138098,0.0704645
0.50805,0.277639,0.142321,0.0719901
0.496597,0.285018,0.142728,0.0756571
0.496027,0.287823,0.141225,0.0749258
0.491609,0.286511,0.148149,0.0737307
0.493585,0.283343,0.149309,0.0737621
0.480762,0.284124,0.15828,0.0768337
0.484462,0.284902,0.153133,0.0775029
0.492532,0.282375,0.149211,0.075883
0.479572,0.286861,0.155112,0.0784546
0.469819,0.299748,0.149947,0.0804867
0.478967,0.293942,0.15039,0.0767011
0.475906,0.294863,0.154408,0.0748227
0.468582,0.307797,0.150542,0.0730786
0.470182,0.306301,0.148321,0.0751961
0.466063,0.31351,0.14602,0.0744064
0.473269,0.307779,0.144483,0.0744688
0.458615,0.318734,0.146996,0.0756547
0.466599,0.312042,0.144098,0.0772613
0.472232,0.31283,0.138504,0.076434
0.48372,0.308425,0.131905,0.0759507
0.482604,0.301698,0.13651,0.0791882
0.474193,0.30719,0.13818,0.0804374
0.472447,0.306954,0.135041,0.0855577
0.468034,0.323622,0.127251,0.0810931
0.46874,0.309354,0.141265,0.0806412
0.475588,0.319835,0.125165,0.079412
0.48224,0.320666,0.12007,0.0770242
0.487121,0.304079,0.126148,0.0826523
0.474138,0.309985,0.131484,0.0843933
0.469349,0.307747,0.141743,0.081161
0.470544,0.308983,0.132236,0.0882373
0.477431,0.304897,0.125136,0.092536
0.465231,0.318057,0.130918,0.0857947
0.459077,0.327409,0.129883,0.0836313
0.468454,0.31867,0.129712,0.0831639
0.461035,0.326236,0.132712,0.0800171
0.458705,0.328882,0.134735,0.0776783
0.473127,0.298808,0.14539,0.0826755
0.48061,0.300256,0.131879,0.0872546
0.478846,0.299203,0.131059,0.0908922
0.488862,0.288337,0.132956,0.0898447
0.482243,0.306507,0.12633,0.0849198
0.471946,0.31297,0.131533,0.083552
0.479353,0.30676,0.12894,0.0849469
0.489814,0.293153,0.136464,0.0805683
0.485833,0.293705,0.1343,0.0861621
0.495194,0.292676,0.124878,0.0872521
0.475432,0.299025,0.137993,0.0875505
0.479823,0.298095,0.134817,0.0872647
0.473381,0.302342,0.137711,0.0865661
0.472623,0.306928,0.138061,0.0823892
0.481541,0.304702,0.13207,0.0816868
0.484783,0.300155,0.137647,0.0774145
0.469617,0.313504,0.134655,0.0822246
0.474853,0.3042,0.137244,0.0837028
0.464069,0.305775,0.144753,0.0854026
0.464978,0.303185,0.148142,0.0836953
0.483664,0.290801,0.14355,0.0819848
0.473926,0.303698,0.14221,0.0801664
0.479248,0.297716,0.144734,0.0783014
0.475812,0.30473,0.137467,0.0819909
0.482934,0.303947,0.132301,0.0808178
0.48237,0.299102,0.136634,0.0818936
0.490631,0.301333,0.125727,0.0823092
0.493466,0.294559,0.129159,0.0828162
0.488937,0.294836,0.135609,0.0806176
0.479223,0.296593,0.142439,0.081745
0.478746,0.300769,0.142517,0.0779689
0.476076,0.305271,0.141953,0.0766993
0.47243,0.310029,0.139413,0.0781275
0.478869,0.297591,0.140668,0.0828721
0.482627,0.295809,0.139699,0.0818644
0.481859,0.292453,0.141921,0.0837669
0.474839,0.300877,0.139926,0.0843578
0.462586,0.317574,0.138042,0.081798
0.467006,0.309552,0.141457,0.0819851
0.481885,0.300226,0.137454,0.0804345
0.471272,0.309665,0.136325,0.0827379
0.463741,0.314907,0.136163,0.0851885
0.472471,0.312022,0.132511,0.0829956
0.46452,0.316099,0.139852,0.0795282
0.4719,0.316175,0.132497,0.0794278
0.475634,0.300309,0.143786,0.0802713
0.484722,0.297973,0.133673,0.0836316
0.480297,0.304234,0.136691,0.0787777
0.474731,0.300273,0.147492,0.077505
0.449425,0.325482,0.149724,0.0753691
0.454019,0.330837,0.141877,0.0732671
0.453118,0.328813,0.144998,0.0730704
0.464768,0.326167,0.139599,0.069466
0.458784,0.334783,0.139069,0.0673644
0.46711,0.332204,0.132912,0.0677747
0.461573,0.336706,0.131127,0.0705936
0.472473,0.330491,0.121254,0.0757821
0.468684,0.339359,0.113628,0.0783286
0.457274,0.349977,0.116182,0.0765667
0.455811,0.356748,0.110919,0.0765222
0.452628,0.359892,0.111267,0.0762135
0.441303,0.370391,0.110941,0.0773645
0.435065,0.38214,0.104776,0.0780191
0.445142,0.366878,0.104344,0.0836361
0.445441,0.373024,0.099403,0.0821313
0.43612,0.379153,0.104068,0.0806598
0.449022,0.371459,0.101047,0.0784719
0.436583,0.381979,0.102877,0.0785614
0.437152,0.378814,0.106592,0.0774426
0.434898,0.38116,0.104787,0.0791548
0.43503,0.381376,0.0976352,0.0859588
0.437567,0.376565,0.100323,0.0855446
0.455052,0.351615,0.0967471,0.0965865
0.458763,0.342873,0.097847,0.100517
0.444081,0.352315,0.0970443,0.10656
0.43805,0.361281,0.0986244,0.102044
0.444249,0.356144,0.0950314,0.104576
0.44733,0.36152,0.0890575,0.102092
0.43149,0.368037,0.0921343,0.108339
0.427309,0.372142,0.0941285,0.10642
0.433331,0.367936,0.0959649,0.102768
0.444379,0.36098,0.0974377,0.0972035
0.458428,0.345337,0.100553,0.0956826
0.461878,0.340682,0.108905,0.0885357
0.457287,0.344378,0.109714,0.0886215
0.450287,0.34184,0.114174,0.0936999
0.455929,0.334061,0.117832,0.0921778
0.455851,0.334869,0.117529,0.0917513
0.442631,0.34959,0.111184,0.0965945
0.443189,0.352278,0.103775,0.100759
0.451766,0.344756,0.104292,0.0991861
0.451531,0.340763,0.110426,0.0972803
0.451363,0.347159,0.111229,0.0902486
0.444808,0.363223,0.107507,0.0844615
0.454447,0.348694,0.103043,0.0938161
0.449442,0.348136,0.106333,0.0960889
0.445459,0.351846,0.110529,0.0921658
0.453372,0.345532,0.107598,0.0934987
0.460555,0.343684,0.106545,0.089216
0.452731,0.346254,0.110308,0.0907075
0.455528,0.344502,0.112349,0.087621
0.442997,0.349858,0.119906,0.0872392
0.451603,0.346961,0.114439,0.0869974
0.446921,0.355219,0.115921,0.0819389
0.445516,0.348126,0.118537,0.0878218
0.453238,0.338182,0.123484,0.0850966
0.459184,0.336638,0.115106,0.0890728
0.462242,0.334294,0.119719,0.0837453
0.470121,0.321947,0.122749,0.0851833
0.459848,0.324695,0.126695,0.0887616
0.461528,0.321449,0.132664,0.0843587
0.445508,0.325783,0.144876,0.0838326
0.454691,0.320021,0.1367,0.0885882
0.46436,0.313444,0.131739,0.0904557
0.464852,0.309016,0.138938,0.0871946
0.459311,0.311461,0.149761,0.0794671
0.471662,0.303222,0.141611,0.0835046
0.47696,0.295682,0.143553,0.0838052
0.481205,0.288335,0.143473,0.0869877
0.461669,0.300475,0.152144,0.0857128
0.474726,0.295503,0.145002,0.0847689
0.464005,0.29397,0.157338,0.0846874
0.459654,0.306116,0.150603,0.0836271
0.46119,0.301905,0.152343,0.0845618
0.465359,0.299051,0.146565,0.0890256
0.463417,0.297061,0.154735,0.084787
0.469245,0.293719,0.14926,0.0877754
0.4705,0.2963,0.146237,0.0869622
0.461821,0.309508,0.138318,0.0903535
0.453065,0.304535,0.159486,0.0829146
0.46199,0.298295,0.156742,0.0829722
0.451518,0.30772,0.161288,0.0794749
0.443087,0.324456,0.158547,0.0739099
0.449572,0.306882,0.172885,0.0706617
0.459241,0.296814,0.167469,0.0764761
0.451718,0.300776,0.173506,0.0740002
0.459705,0.302925,0.166399,0.0709715
0.470663,0.297945,0.161821,0.06957
0.474436,0.291795,0.164493,0.0692773
0.457525,0.298294,0.172118,0.0720627
0.47342,0.289596,0.162647,0.0743374
0.476249,0.284511,0.163016,0.0762233
0.481735,0.292035,0.149871,0.0763597
0.474954,0.280511,0.167056,0.0774793
0.480913,0.280088,0.161501,0.077498
0.470316,0.288506,0.16592,0.075258
0.47621,0.284698,0.166417,0.0726751
0.471814,0.28766,0.167681,0.0728445
0.476364,0.285254,0.165576,0.0728059
0.462381,0.287668,0.172842,0.0771083
0.465847,0.286886,0.168256,0.0790112
0.461185,0.280669,0.178985,0.0791608
0.471035,0.277586,0.166176,0.0852028
0.46215,0.28004,0.177222,0.0805882
0.4817,0.272015,0.163544,0.08274
0.469216,0.281104,0.1714,0.0782804
0.469145,0.280517,0.170914,0.079424
0.476773,0.274712,0.165768,0.0827468
0.483705,0.273856,0.163289,0.0791496
0.476022,0.281533,0.161299,0.0811461
0.495654,0.266158,0.157254,0.0809341
0.483823,0.276365,0.158873,0.0809396
0.481505,0.274233,0.164106,0.0801556
0.47027,0.283262,0.168713,0.0777553
0.474577,0.282263,0.162533,0.080627
0.497778,0.272527,0.151578,0.0781166
0.479793,0.281021,0.158407,0.0807788
0.485118,0.284339,0.150772,0.0797714
0.502241,0.275677,0.142149,0.0799324
0.503422,0.265006,0.148129,0.0834429
0.510186,0.268749,0.145834,0.0752317
0.49353,0.276161,0.152702,0.0776078
0.503225,0.264347,0.153735,0.0786932
0.495796,0.275977,0.151646,0.0765808
0.506755,0.262994,0.151723,0.0785277
0.490137,0.282701,0.152477,0.0746846
0.485271,0.288177,0.150148,0.0764037
0.491812,0.284113,0.150856,0.0732187
0.49099,0.292403,0.143759,0.072848
0.491305,0.285462,0.151519,0.0717136
0.503133,0.285376,0.140026,0.0714654
0.498396,0.293654,0.128767,0.0791833
0.501535,0.283316,0.141953,0.073196
0.494674,0.289163,0.143272,0.07289
0.4903,0.289522,0.15252,0.0676585
0.498176,0.297182,0.136933,0.0677079
0.497264,0.289229,0.144265,0.0692416
0.492775,0.290305,0.149377,0.0675434
0.495481,0.296496,0.135761,0.0722612
0.483743,0.311958,0.132424,0.0718752
0.501007,0.292999,0.136973,0.0690218
0.490441,0.301607,0.134507,0.0734456
0.496619,0.290699,0.1432,0.0694827
0.493225,0.310804,0.128532,0.0674387
0.487968,0.314347,0.130268,0.067417
0.482794,0.313278,0.133791,0.0701366
0.493679,0.301227,0.130036,0.0750578
0.474797,0.32235,0.129231,0.0736226
0.476438,0.320066,0.130778,0.0727182
0.479213,0.3222,0.127998,0.0705894
0.481639,0.320425,0.12622,0.0717157
0.484052,0.311434,0.133499,0.0710149
0.481013,0.319659,0.130796,0.0685312
0.469264,0.338701,0.124736,0.0672983
0.469536,0.328788,0.129529,0.0721468
0.477019,0.326041,0.125807,0.0711328
0.477615,0.324582,0.124683,0.0731208
0.482506,0.326664,0.115759,0.0750707
0.486794,0.322265,0.11661,0.074331
0.493898,0.313986,0.115413,0.0767026
0.486434,0.322469,0.117075,0.074022
0.468361,0.327625,0.126435,0.0775792
0.478747,0.321746,0.124596,0.0749121
0.477712,0.33002,0.11972,0.0725475
0.484695,0.319872,0.12109,0.0743428
0.478863,0.324206,0.121174,0.075757
0.469295,0.33603,0.125964,0.0687111
0.485468,0.318683,0.12335,0.0724995
0.485316,0.324076,0.117967,0.0726406
0.478861,0.325823,0.120855,0.074461
0.487865,0.320332,0.118432,0.0733714
0.486225,0.315261,0.120844,0.0776696
0.484493,0.326795,0.115491,0.0732221
0.483737,0.325132,0.11677,0.0743609
0.476773,0.324494,0.127632,0.0711006
0.481294,0.326836,0.117755,0.0741151
0.48348,0.318172,0.122348,0.0759996
0.486589,0.317055,0.124123,0.0722328
0.493738,0.318023,0.117208,0.071031
0.494297,0.318404,0.114251,0.0730474
0.49137,0.314487,0.123596,0.0705475
0.479235,0.328841,0.12267,0.0692535
0.495766,0.320403,0.117314,0.0665176
0.491113,0.32735,0.112111,0.0694261
0.512666,0.305146,0.114292,0.0678959
0.501654,0.313341,0.114815,0.0701896
0.488547,0.319016,0.11458,0.0778568
0.493637,0.307606,0.121225,0.0775322
0.488128,0.311674,0.123299,0.0768987
0.498738,0.298415,0.124533,0.0783144
0.503292,0.292718,0.124826,0.079164
0.50055,0.297262,0.120989,0.0811999
0.493443,0.303205,0.125153,0.0781991
0.501194,0.296756,0.118434,0.0836164
0.501724,0.284812,0.132515,0.0809494
0.497645,0.287843,0.131562,0.0829496
0.503668,0.284688,0.128742,0.0829014
0.495161,0.287666,0.134473,0.0827
0.503144,0.272271,0.136458,0.0881268
0.486512,0.287433,0.138671,0.0873831
0.487005,0.284807,0.147896,0.0802922
0.492682,0.281333,0.141231,0.0847538
0.473737,0.297293,0.146096,0.0828738
0.485268,0.286655,0.141791,0.0862854
0.48332,0.287889,0.143612,0.085179
0.46846,0.295579,0.151743,0.0842174
0.488574,0.28618,0.143081,0.0821636
0.497524,0.282325,0.134049,0.0861028
0.486369,0.293233,0.134184,0.0862141
0.483621,0.289985,0.144183,0.0822114
0.488977,0.291148,0.138216,0.0816583
0.475652,0.304985,0.142435,0.0769278
0.492769,0.287312,0.142767,0.0771523
0.492669,0.291968,0.137914,0.0774486
0.502114,0.283357,0.137974,0.0765552
0.500045,0.28546,0.140414,0.074081
0.496132,0.28325,0.144641,0.0759768
0.509924,0.272678,0.138973,0.0784243
0.50709,0.280361,0.136137,0.0764115
0.512077,0.272787,0.138241,0.0768945
0.511747,0.27487,0.134388,0.0789951
0.497309,0.29293,0.135011,0.0747501
0.498694,0.291385,0.133313,0.0766081
0.497185,0.29523,0.130786,0.0767993
0.49402,0.304142,0.128535,0.0733027
0.509423,0.28789,0.128688,0.0739996
0.495536,0.296372,0.134734,0.0733582
0.496298,0.294526,0.136432,0.0727435
0.491871,0.297103,0.137706,0.0733199
0.473273,0.311651,0.142838,0.0722377
0.473836,0.317434,0.138215,0.0705154
0.478528,0.311123,0.134797,0.0755524
0.473709,0.312062,0.141571,0.0726578
0.455882,0.336607,0.136273,0.0712382
0.457255,0.337079,0.135297,0.0703692
0.455352,0.337294,0.136966,0.0703887
0.455717,0.335149,0.137711,0.0714229
0.449293,0.336937,0.140607,0.0731634
0.443666,0.344174,0.138358,0.0738023
0.455381,0.337048,0.133468,0.0741033
0.465614,0.328611,0.132728,0.073047
0.453711,0.334335,0.138591,0.0733627
0.449236,0.33281,0.145272,0.0726821
0.441547,0.340289,0.139302,0.0788612
0.44856,0.340686,0.13595,0.0748042
0.443881,0.349032,0.136774,0.0703134
0.466293,0.335242,0.122788,0.0756769
0.453593,0.342813,0.129535,0.0740588
0.453846,0.339546,0.132512,0.0740958
0.435041,0.357498,0.134769,0.0726918
0.425897,0.366317,0.135436,0.0723499
0.441893,0.353687,0.132001,0.07242
0.42759,0.363202,0.136404,0.0728042
0.435118,0.36625,0.121527,0.0771048
0.40792,0.397867,0.116489,0.0777233
0.413761,0.390043,0.122849,0.0733473
0.415428,0.393285,0.121947,0.0693401
0.412197,0.396573,0.11854,0.0726896
0.416744,0.396596,0.115661,0.0709996
0.42898,0.380906,0.116438,0.0736765
0.438346,0.379252,0.106767,0.0756349
0.438787,0.383161,0.0996579,0.0783939
0.417611,0.403682,0.0928768,0.0858297
0.42368,0.40045,0.0906678,0.0852023
0.41663,0.410959,0.0902338,0.0821769
0.439474,0.384112,0.0957666,0.0806474
0.45029,0.369177,0.103255,0.0772775
0.461123,0.359095,0.105656,0.0741256
0.461561,0.362624,0.101458,0.0743563
0.466575,0.356249,0.101397,0.0757785
0.470412,0.354687,0.0996469,0.0752548
0.44853,0.376408,0.0990174,0.0760448
0.439381,0.381353,0.0995809,0.0796845
0.439074,0.380269,0.100399,0.080258
0.447054,0.371683,0.0988139,0.0824498
0.451889,0.363665,0.108218,0.0762284
0.465939,0.333727,0.110576,0.0897579
0.457175,0.344098,0.113223,0.0855047
0.466315,0.338122,0.110511,0.0850515
0.4679,0.338005,0.113016,0.0810799
0.460798,0.334969,0.119528,0.0847058
0.466674,0.326335,0.125849,0.0811427
0.465762,0.333652,0.121195,0.0793911
0.456991,0.336237,0.124094,0.0826779
0.448849,0.332165,0.134292,0.0846935
0.446775,0.333647,0.142245,0.0773324
0.436388,0.344023,0.13973,0.0798592
0.459968,0.322188,0.131929,0.0859153
0.450582,0.323531,0.141209,0.0846786
0.453995,0.320198,0.137705,0.0881021
0.457857,0.328552,0.127779,0.085812
0.447355,0.331205,0.132837,0.0886037
0.450807,0.318077,0.138055,0.0930596
0.451917,0.307598,0.150965,0.0895194
0.460954,0.301427,0.145952,0.0916673
0.458124,0.301412,0.150376,0.0900888
0.46901,0.309338,0.136261,0.0853916
0.475214,0.29531,0.143229,0.0862476
0.464557,0.305771,0.138234,0.0914376
0.466585,0.29866,0.143704,0.0910518
0.45996,0.317683,0.121385,0.100972
0.457575,0.31531,0.130678,0.0964365
0.471889,0.293398,0.139483,0.0952299
0.466876,0.293959,0.144071,0.0950938
0.47016,0.285197,0.149408,0.0952352
0.46632,0.289146,0.154481,0.0900523
0.455316,0.300767,0.151949,0.0919674
0.449946,0.300453,0.162222,0.0873795
0.45704,0.295248,0.158783,0.0889301
0.442463,0.301657,0.167286,0.0885938
0.450917,0.294641,0.160871,0.0935717
0.451722,0.298958,0.158998,0.0903223
0.456017,0.286545,0.171392,0.0860453
0.448043,0.291193,0.171885,0.0888793
0.452937,0.286518,0.166701,0.0938443
0.443918,0.283425,0.180153,0.092504
0.436101,0.291457,0.183718,0.0887236
0.447441,0.290741,0.167725,0.0940927
0.43205,0.291379,0.189119,0.0874519
0.41589,0.287323,0.215589,0.0811978
0.408951,0.289272,0.21745,0.0843268
0.385706,0.295723,0.234493,0.0840785
0.409146,0.288414,0.216652,0.0857883
0.415477,0.296802,0.202541,0.08518
0.404145,0.30787,0.202396,0.0855899
0.410531,0.312698,0.194112,0.0826592
0.397266,0.320768,0.197831,0.0841346
0.397456,0.319835,0.195127,0.0875819
0.402397,0.316945,0.19562,0.0850381
0.388987,0.330122,0.193949,0.0869418
0.387471,0.335085,0.189272,0.0881719
0.373987,0.359382,0.179883,0.0867472
0.379336,0.354298,0.178946,0.0874194
0.37829,0.353659,0.182048,0.0860026
0.383674,0.352624,0.178661,0.0850416
0.381477,0.357789,0.177277,0.0834568
0.397026,0.346117,0.162413,0.094444
0.411885,0.33007,0.159818,0.098228
0.414927,0.328773,0.151673,0.104627
0.426048,0.32636,0.140399,0.107193
0.438854,0.312379,0.13615,0.112617
0.432066,0.324243,0.13133,0.112361
0.431643,0.334653,0.136946,0.0967579
0.443553,0.310755,0.148039,0.0976535
0.448172,0.301281,0.151147,0.0993995
0.456548,0.293866,0.147665,0.10192
0.453704,0.294872,0.157334,0.0940897
0.461056,0.29898,0.148149,0.091815
0.452054,0.302771,0.15553,0.0896456
0.444661,0.311319,0.152127,0.0918926
0.458943,0.295173,0.1535,0.0923841
0.459717,0.309004,0.140175,0.0911039
0.46049,0.316032,0.136834,0.0866437
0.458532,0.306295,0.142483,0.0926897
0.470764,0.287593,0.154175,0.0874679
0.448889,0.299721,0.162379,0.089012
0.43472,0.306291,0.174211,0.0847774
0.428467,0.315365,0.175338,0.0808305
0.424968,0.318296,0.174793,0.0819434
0.414126,0.322033,0.185322,0.0785186
0.419624,0.306517,0.194039,0.07982
0.409609,0.332541,0.18071,0.0771398
0.426652,0.319773,0.17543,0.0781452
0.428683,0.322172,0.171942,0.0772036
0.426958,0.33762,0.164213,0.071209
0.415824,0.336076,0.178038,0.070061
0.411716,0.332536,0.189908,0.06584
0.422016,0.327668,0.183549,0.0667669
0.445436,0.308544,0.174388,0.0716321
0.435172,0.312986,0.182849,0.0689928
0.427334,0.324103,0.180657,0.0679067
0.422761,0.335261,0.172868,0.0691098
0.426827,0.328229,0.175525,0.0694181
0.42837,0.318157,0.181224,0.0722482
0.43922,0.315829,0.174389,0.0705611
0.437361,0.303154,0.186268,0.0732171
0.431427,0.313837,0.183215,0.0715204
0.4318,0.315028,0.178064,0.0751074
0.428543,0.336941,0.162911,0.0716053
0.44561,0.324799,0.157168,0.0724233
0.4372,0.341435,0.154984,0.0663808
0.444793,0.317121,0.168573,0.0695135
0.46768,0.290308,0.167562,0.0744503
0.475438,0.280325,0.16908,0.0751567
0.466179,0.288659,0.173502,0.0716599
0.4547,0.294895,0.174037,0.0763685
0.459579,0.292606,0.174237,0.0735775
0.469345,0.280319,0.176284,0.0740516
0.477578,0.272199,0.18322,0.0670026
0.482727,0.272712,0.177796,0.0667647
0.500486,0.257539,0.173086,0.0688899
0.491222,0.264679,0.173924,0.0701747
0.480324,0.268071,0.183604,0.068002
0.475394,0.267836,0.187382,0.0693882
0.48535,0.266243,0.17948,0.0689272
0.494158,0.265044,0.174804,0.0659941
0.472985,0.27359,0.190542,0.0628833
0.467382,0.277241,0.194454,0.0609224
0.461448,0.291116,0.190408,0.0570278
0.452673,0.289905,0.201816,0.0556067
0.455163,0.286892,0.201986,0.0559595
0.460665,0.276797,0.205847,0.0566914
0.455272,0.286799,0.198607,0.059322
0.469579,0.281988,0.186788,0.0616459
0.47397,0.279339,0.186009,0.0606829
0.478252,0.268692,0.190964,0.0620922
0.459816,0.279486,0.195503,0.0651943
0.464571,0.279897,0.190752,0.0647799
0.449693,0.291404,0.193007,0.0658956
0.447044,0.297323,0.190328,0.0653041
0.458066,0.283349,0.193929,0.0646551
0.45554,0.284902,0.192362,0.0671962
0.458233,0.298255,0.176293,0.0672191
0.458086,0.299382,0.175722,0.0668102
0.464285,0.298671,0.171025,0.0660192
0.462471,0.310521,0.163159,0.0638487
0.468528,0.307495,0.158033,0.0659433
0.485191,0.293726,0.15559,0.0654935
0.483165,0.292095,0.158127,0.0666134
0.485303,0.294982,0.15314,0.0665744
0.477064,0.293606,0.16495,0.06438
0.459101,0.313206,0.164238,0.0634549
0.469227,0.305378,0.161235,0.0641605
0.471213,0.314796,0.148785,0.0652056
0.468984,0.32008,0.145259,0.0656766
0.463017,0.335774,0.134567,0.0666424
0.474156,0.322121,0.136835,0.0668877
0.466246,0.321515,0.148185,0.0640545
0.454727,0.335598,0.143482,0.0661933
0.469603,0.326315,0.139,0.0650826
0.475386,0.314609,0.143597,0.0664082
0.472898,0.332994,0.127923,0.066186
0.488612,0.316399,0.126461,0.0685277
0.483186,0.319916,0.126614,0.0702837
0.482593,0.328498,0.119837,0.0690727
0.497943,0.318661,0.1133,0.0700949
0.487249,0.326554,0.117694,0.0685029
0.483003,0.327765,0.123605,0.0656278
0.482452,0.330758,0.120713,0.0660776
0.472899,0.332529,0.125879,0.0686934
0.483601,0.327657,0.121636,0.0671061
0.479314,0.333978,0.121409,0.0652986
0.487081,0.324437,0.119982,0.0684993
0.501321,0.311843,0.113443,0.0733936
0.493315,0.322489,0.110407,0.0737888
0.486723,0.318299,0.122103,0.0728763
0.487942,0.318539,0.121566,0.0719524
0.468896,0.327997,0.12432,0.0787876
0.473917,0.331039,0.115994,0.079049
0.468925,0.336815,0.116429,0.0778307
0.483682,0.323722,0.123301,0.0692943
0.477392,0.3321,0.120278,0.07023
0.479326,0.321497,0.128656,0.0705211
0.475039,0.315225,0.138147,0.0715892
0.47984,0.307691,0.139078,0.0733907
0.479189,0.308055,0.136136,0.07662
0.472491,0.315154,0.136602,0.0757525
0.479307,0.306077,0.13299,0.081627
0.476565,0.312299,0.13134,0.0797949
0.469931,0.319755,0.130394,0.0799194
0.463053,0.336782,0.125422,0.0747427
0.460786,0.332727,0.128515,0.0779722
0.471276,0.321452,0.131943,0.0753288
0.446979,0.336209,0.139218,0.0775946
0.451248,0.342281,0.129961,0.0765094
0.47279,0.316937,0.127556,0.0827175
0.446984,0.34328,0.126663,0.0830733
0.451984,0.340277,0.127035,0.0807034
0.475389,0.322818,0.120757,0.0810369
0.462227,0.333529,0.123755,0.0804893
0.462796,0.329083,0.128957,0.0791638
0.47065,0.321412,0.124853,0.0830844
0.468622,0.323035,0.124151,0.0841923
0.463876,0.315369,0.136688,0.0840671
0.469367,0.318004,0.127896,0.0847325
0.470791,0.313709,0.133734,0.0817663
0.466745,0.314939,0.13459,0.0837258
0.465237,0.31883,0.134147,0.0817857
0.449686,0.324711,0.14415,0.0814537
0.466705,0.31201,0.136092,0.0851934
0.463583,0.320882,0.129016,0.0865181
0.459068,0.321945,0.132576,0.086412
0.44591,0.328808,0.142704,0.0825779
0.441475,0.33111,0.135564,0.091852
0.455795,0.322809,0.131668,0.0897287
0.451294,0.339529,0.12574,0.0834369
0.441427,0.350459,0.118006,0.0901083
0.443697,0.34575,0.1168,0.0937534
0.446587,0.338336,0.11887,0.0962076
0.441178,0.347972,0.120944,0.0899067
0.435695,0.347125,0.121636,0.0955447
0.425522,0.359241,0.123563,0.0916742
0.417873,0.364041,0.123593,0.0944927
0.432151,0.358872,0.120047,0.0889302
0.430328,0.35581,0.129557,0.0843051
0.429833,0.355068,0.130295,0.0848036
0.419007,0.372209,0.120162,0.0886215
0.424612,0.364863,0.123336,0.0871892
0.422687,0.355368,0.126878,0.0950671
0.416405,0.365301,0.129031,0.0892626
0.423853,0.359014,0.127952,0.0891809
0.422814,0.357177,0.127894,0.0921155
0.420022,0.349891,0.13235,0.0977368
0.421856,0.354247,0.128824,0.0950727
0.424441,0.359712,0.113901,0.101946
0.419452,0.371753,0.104031,0.104764
0.420821,0.374196,0.100489,0.104494
0.415989,0.370606,0.106418,0.106987
0.415827,0.37348,0.110287,0.100406
0.416772,0.367269,0.106885,0.109073
0.423755,0.356555,0.114665,0.105026
0.417578,0.3583,0.114755,0.109366
0.425706,0.35352,0.112568,0.108206
0.421326,0.363199,0.107241,0.108234
0.416508,0.368158,0.104202,0.111132
0.414283,0.367963,0.109588,0.108166
0.410636,0.370682,0.115334,0.103348
0.411197,0.373644,0.112824,0.102335
0.416602,0.363636,0.116653,0.103109
0.413898,0.354432,0.122006,0.109664
0.411743,0.362059,0.118347,0.10785
0.395926,0.379019,0.115487,0.109568
0.399052,0.385318,0.115713,0.0999178
0.399922,0.383134,0.113161,0.103782
0.393735,0.392081,0.11733,0.0968544
0.399613,0.392923,0.110536,0.0969275
0.404244,0.380958,0.112985,0.101814
0.410176,0.378194,0.10733,0.104299
0.410743,0.369989,0.111957,0.107311
0.400975,0.391101,0.102026,0.105898
0.402675,0.392374,0.10303,0.101921
0.416566,0.381223,0.108571,0.0936399
0.41199,0.385831,0.108437,0.0937417
0.419175,0.368675,0.117128,0.0950217
0.427219,0.358602,0.116854,0.097325
0.435665,0.351114,0.117822,0.0953981
0.440789,0.329764,0.130966,0.098482
0.4438,0.328904,0.128801,0.098495
0.431448,0.341224,0.132827,0.094502
0.430751,0.34719,0.131635,0.0904243
0.437875,0.339759,0.127703,0.0946635
0.436042,0.338041,0.120023,0.105894
0.443418,0.329462,0.120808,0.106312
0.441741,0.323995,0.126459,0.107804
0.439405,0.328731,0.132518,0.0993465
0.457686,0.306186,0.127853,0.108276
0.435761,0.320135,0.143593,0.100511
0.432211,0.324638,0.143535,0.0996156
0.44225,0.319397,0.136932,0.101421
0.430337,0.327871,0.143901,0.0978918
0.43263,0.313333,0.153167,0.10087
0.437375,0.317191,0.143286,0.102148
0.436518,0.31419,0.142272,0.107019
0.421588,0.322108,0.148811,0.107493
0.431633,0.314171,0.145388,0.108807
0.432021,0.311029,0.149045,0.107905
0.430817,0.304403,0.16126,0.10352
0.427151,0.315901,0.153877,0.103071
0.437383,0.314379,0.142785,0.105452
0.433865,0.30601,0.151021,0.109104
0.417263,0.310539,0.168241,0.103957
0.422183,0.320782,0.155302,0.101734
0.429647,0.312774,0.155024,0.102555
0.421883,0.320608,0.156456,0.101053
0.428468,0.319575,0.151747,0.10021
0.430991,0.319684,0.154482,0.0948434
0.427446,0.323528,0.157051,0.0919751
0.429516,0.32261,0.154299,0.0935753
0.434026,0.324073,0.149893,0.0920076
0.44107,0.318605,0.141951,0.0983734
0.438176,0.324518,0.146577,0.0907286
0.452208,0.309864,0.14027,0.0976576
0.451185,0.312265,0.139548,0.0970012
0.452535,0.316293,0.135541,0.0956314
0.449864,0.320308,0.138496,0.0913318
0.453553,0.323126,0.133782,0.0895397
0.458683,0.310834,0.142146,0.0883361
0.459568,0.312971,0.139523,0.0879378
0.457979,0.317646,0.130869,0.0935061
0.454983,0.311378,0.143467,0.0901722
0.465869,0.307454,0.134756,0.0919213
0.473533,0.299642,0.13173,0.0950951
0.47749,0.299502,0.126147,0.0968606
0.472161,0.306403,0.128895,0.0925403
0.472841,0.311751,0.122648,0.0927601
0.468625,0.317204,0.121253,0.0929178
0.45845,0.319712,0.138579,0.0832579
0.457723,0.316407,0.144437,0.0814333
0.447201,0.319381,0.144432,0.0889867
0.456583,0.320234,0.137309,0.085874
0.46366,0.317165,0.134263,0.0849122
0.471683,0.308854,0.128448,0.091015
0.466788,0.321646,0.124122,0.0874445
0.455677,0.318999,0.136816,0.0885078
0.468675,0.316683,0.131055,0.0835869
0.471081,0.317414,0.125369,0.0861364
0.471887,0.323821,0.123051,0.0812411
0.47331,0.317458,0.129733,0.0794987
0.479112,0.3204,0.111947,0.0885414
0.474319,0.317482,0.125633,0.0825661
0.471246,0.324391,0.122486,0.0818764
0.482102,0.314673,0.126498,0.0767272
0.475169,0.322516,0.122307,0.0800085
0.484527,0.306089,0.127427,0.0819572
0.480379,0.306467,0.131534,0.0816197
0.490585,0.305214,0.120923,0.0832783
0.470512,0.32161,0.12138,0.0864974
0.474137,0.319875,0.124262,0.0817261
0.468443,0.328873,0.121584,0.0810995
0.488209,0.320533,0.11191,0.079348
0.482367,0.319847,0.118204,0.0795827
0.479639,0.323094,0.120142,0.0771248
0.484478,0.328258,0.10471,0.0825538
0.474948,0.326062,0.115779,0.0832106
0.465825,0.328696,0.121565,0.0839135
0.476561,0.320163,0.123957,0.0793187
0.467963,0.331169,0.123396,0.0774716
0.467133,0.329278,0.125709,0.0778804
0.470703,0.328808,0.120891,0.0795985
