EWY,KRW=X,IEF,GLD
0.429201,0.308409,0.16996,0.0924305
0.427099,0.301151,0.179795,0.0919548
0.426859,0.302036,0.17938,0.0917245
0.419149,0.305758,0.184875,0.0902189
0.426783,0.309347,0.172263,0.0916067
0.431965,0.308878,0.169255,0.0899023
0.412078,0.329734,0.173946,0.0842416
0.417671,0.333543,0.165109,0.0836767
0.415106,0.338312,0.163327,0.0832562
0.414438,0.330972,0.171801,0.0827894
0.407941,0.341033,0.170086,0.0809404
0.425468,0.335064,0.155583,0.0838848
0.443153,0.317714,0.151748,0.0873845
0.438824,0.325836,0.149291,0.086049
0.45395,0.302467,0.154548,0.0890345
0.461315,0.310209,0.144441,0.0840349
0.471993,0.31042,0.133613,0.0839741
0.480313,0.308582,0.129011,0.0820952
0.483583,0.305343,0.125074,0.0860006
0.489717,0.296303,0.128869,0.0851103
0.487187,0.300648,0.12713,0.0850355
0.484685,0.303465,0.131175,0.080675
0.484442,0.298908,0.138628,0.0780216
0.470657,0.300394,0.148594,0.0803546
0.476703,0.29085,0.149856,0.0825909
0.470338,0.307393,0.13714,0.0851296
0.467772,0.311836,0.134429,0.0859628
0.471957,0.310842,0.127114,0.0900881
0.468125,0.300344,0.138335,0.0931963
0.47455,0.306885,0.12785,0.0907152
0.469483,0.319812,0.123278,0.0874271
0.45874,0.329905,0.126127,0.0852288
0.464195,0.32351,0.130733,0.0815615
0.453881,0.329648,0.134457,0.0820135
0.44443,0.342285,0.133205,0.0800794
0.466306,0.322636,0.129881,0.0811772
0.471372,0.323134,0.122496,0.082998
0.459163,0.329283,0.129277,0.0822761
0.472619,0.31837,0.125237,0.0837736
0.467268,0.310375,0.139764,0.0825935
0.472548,0.311813,0.131318,0.0843212
0.470034,0.312644,0.134614,0.0827076
0.470248,0.314211,0.131961,0.0835792
0.473857,0.302243,0.141149,0.0827503
0.494275,0.29221,0.130319,0.083196
0.492753,0.289627,0.135794,0.0818256
0.501443,0.285995,0.129567,0.0829951
0.499467,0.296735,0.119266,0.0845318
0.50839,0.287795,0.115189,0.0886264
0.50472,0.291498,0.11564,0.0881418
0.504515,0.282023,0.124428,0.089034
0.511104,0.287317,0.117181,0.0843973
0.511886,0.284388,0.118399,0.085328
0.500872,0.290451,0.125806,0.082871
0.492488,0.29833,0.129267,0.0799148
0.486327,0.296551,0.139837,0.0772854
0.485623,0.29833,0.137687,0.0783597
0.473517,0.311293,0.136708,0.0784817
0.493,0.301504,0.125708,0.0797884
0.47953,0.313994,0.128841,0.0776349
0.469169,0.327432,0.128466,0.074933
0.473567,0.335903,0.120004,0.0705267
0.461055,0.349361,0.118792,0.0707919
0.452298,0.352385,0.124391,0.0709262
0.455162,0.349956,0.122809,0.0720727
0.463556,0.343095,0.122472,0.0708772
0.45008,0.353543,0.121571,0.0748065
0.467338,0.336153,0.122706,0.0738026
0.461944,0.339538,0.126765,0.0717525
0.457041,0.35357,0.12089,0.0684987
0.469431,0.33892,0.122307,0.0693416
0.469671,0.3431,0.120087,0.0671423
0.458317,0.350579,0.122509,0.0685954
0.450405,0.3502,0.129844,0.0695522
0.470901,0.331781,0.124725,0.0725932
0.459656,0.32999,0.138078,0.0722756
0.466548,0.324535,0.136661,0.0722559
0.453661,0.325902,0.150558,0.06988
0.453986,0.324823,0.148258,0.0729328
0.442923,0.33006,0.152116,0.0749016
0.449101,0.323691,0.141879,0.0853289
0.452887,0.322906,0.139841,0.0843663
0.460148,0.322541,0.129627,0.0876839
0.464102,0.315625,0.130302,0.0899709
0.452615,0.331785,0.133216,0.082384
0.454916,0.327044,0.137183,0.0808573
0.455854,0.324181,0.141853,0.0781126
0.453967,0.335672,0.13366,0.0767006
0.456258,0.322415,0.142244,0.0790823
0.439879,0.32285,0.154143,0.0831289
0.447121,0.33237,0.134442,0.086067
0.457745,0.323272,0.13306,0.0859218
0.460322,0.316836,0.137689,0.0851533
0.45895,0.320511,0.139019,0.0815202
0.457753,0.329164,0.132174,0.0809096
0.45019,0.329173,0.145325,0.075313
0.44893,0.335197,0.136181,0.0796915
0.44753,0.342615,0.125951,0.0839032
0.439648,0.351651,0.123801,0.0849006
0.443581,0.351283,0.118967,0.0861688
0.44863,0.357157,0.11057,0.0836433
0.445862,0.358398,0.114745,0.0809955
0.444665,0.359862,0.11255,0.0829232
0.437264,0.364094,0.115676,0.0829665
0.436557,0.356841,0.119292,0.0873097
0.43798,0.358143,0.118991,0.0848863
0.449411,0.348835,0.114397,0.0873574
0.448934,0.344199,0.121702,0.0851655
0.441929,0.348808,0.126539,0.0827241
0.433272,0.359388,0.127935,0.0794055
0.433808,0.361653,0.127231,0.0773074
0.43757,0.366612,0.118721,0.0770973
0.443096,0.361605,0.11437,0.0809288
0.434245,0.37112,0.110992,0.0836427
0.439558,0.348615,0.122655,0.0891718
0.443617,0.347801,0.119101,0.0894807
0.449226,0.338712,0.122438,0.0896244
0.450717,0.331849,0.129846,0.0875877
0.459597,0.329794,0.120837,0.0897722
0.461075,0.325034,0.122334,0.0915561
0.443621,0.340317,0.118647,0.0974149
0.449542,0.330049,0.122836,0.0975723
0.460268,0.321756,0.122481,0.0954949
0.460277,0.323805,0.118598,0.0973211
0.46244,0.323705,0.116571,0.097284
0.465694,0.320603,0.120167,0.0935358
0.460709,0.324356,0.124342,0.0905927
0.467879,0.31508,0.122651,0.0943902
0.467682,0.318052,0.117881,0.0963852
0.465071,0.321116,0.125212,0.0886004
0.452182,0.323885,0.121305,0.102628
0.463874,0.312392,0.128304,0.0954304
0.463975,0.311339,0.134029,0.090656
0.458515,0.316616,0.129835,0.0950334
0.46021,0.315838,0.127765,0.0961869
0.456457,0.32333,0.127819,0.092394
0.4605,0.316694,0.127845,0.0949605
0.468409,0.318831,0.120177,0.0925825
0.46459,0.325549,0.120874,0.0889874
0.465198,0.324772,0.127089,0.0829417
0.487098,0.308319,0.117203,0.0873803
0.48603,0.308324,0.120335,0.08531
0.468622,0.321549,0.128153,0.0816765
0.478721,0.313869,0.126389,0.0810211
0.473667,0.321229,0.123339,0.0817647
0.461652,0.327127,0.12891,0.082311
0.461026,0.324439,0.132688,0.0818468
0.449205,0.343031,0.12539,0.0823746
0.454981,0.34392,0.12077,0.0803289
0.450891,0.342814,0.129193,0.0771015
0.467507,0.326401,0.130912,0.0751794
0.454666,0.345509,0.124242,0.0755839
0.449755,0.341656,0.131528,0.077061
0.446352,0.345641,0.127812,0.080195
0.450489,0.345058,0.120527,0.0839257
0.448342,0.344517,0.128665,0.0784756
0.445216,0.342072,0.133042,0.0796696
0.44614,0.346859,0.124817,0.082184
0.439309,0.349796,0.127996,0.0828996
0.433977,0.348167,0.133154,0.0847025
0.445916,0.336714,0.134776,0.0825944
0.442634,0.345948,0.12897,0.0824486
0.447686,0.340972,0.129181,0.0821612
0.442082,0.349019,0.125311,0.0835885
0.438979,0.349998,0.132399,0.0786237
0.434927,0.358641,0.122274,0.0841576
0.438978,0.363978,0.112464,0.0845797
0.43595,0.375286,0.101565,0.0871987
0.442221,0.359341,0.10888,0.0895576
0.432756,0.369509,0.10711,0.0906252
0.444941,0.354485,0.109204,0.0913695
0.434429,0.364137,0.11122,0.090214
0.437037,0.362165,0.111057,0.089741
0.441263,0.362245,0.105036,0.0914559
0.428745,0.380332,0.101763,0.0891594
0.424134,0.37574,0.110302,0.0898239
0.424781,0.379897,0.1094,0.0859221
0.418227,0.391522,0.10337,0.086881
0.414923,0.394663,0.0985692,0.0918446
0.421876,0.392402,0.0967437,0.0889782
0.425657,0.384157,0.0954234,0.0947623
0.407896,0.399029,0.0991172,0.093957
0.40283,0.406643,0.10127,0.0892568
0.403926,0.405001,0.103254,0.0878189
0.410416,0.398462,0.0923078,0.0988145
0.41501,0.391205,0.0920702,0.101715
0.403138,0.407717,0.0965476,0.0925973
0.407276,0.404289,0.0934071,0.095028
0.40362,0.400309,0.104901,0.0911694
0.405938,0.405649,0.101162,0.0872518
0.407367,0.409603,0.101224,0.0818055
0.424111,0.390794,0.103836,0.0812584
0.424415,0.391152,0.100292,0.084141
0.426824,0.38416,0.101271,0.0877447
0.425191,0.380272,0.108664,0.0858725
0.414347,0.388484,0.109379,0.0877909
0.408436,0.388242,0.103868,0.0994541
0.419553,0.38041,0.0985716,0.101465
0.418967,0.383781,0.0961176,0.101135
0.406885,0.399233,0.097362,0.0965202
0.416662,0.388055,0.0952601,0.100023
0.417272,0.381255,0.0972548,0.104217
0.410008,0.385354,0.0998265,0.104812
0.423122,0.374576,0.0972289,0.105073
0.428427,0.367953,0.0958874,0.107733
0.435714,0.366325,0.0944972,0.103464
0.433964,0.359795,0.0955681,0.110672
0.445916,0.351219,0.0958713,0.106994
0.4346,0.356093,0.0931278,0.116179
0.415569,0.371933,0.099384,0.113114
0.423333,0.367928,0.0985911,0.110148
0.428596,0.358662,0.0999467,0.112795
0.429057,0.356472,0.097757,0.116714
0.421055,0.354789,0.111007,0.11315
0.434545,0.347795,0.0980294,0.119631
0.427241,0.349651,0.101739,0.12137
0.424025,0.356973,0.101188,0.117814
0.430009,0.348305,0.108247,0.113439
0.435503,0.345433,0.103671,0.115393
0.413481,0.355845,0.105875,0.124798
0.419536,0.347353,0.109406,0.123705
0.410585,0.355772,0.110427,0.123216
0.416334,0.352238,0.113036,0.118391
0.421411,0.33726,0.112719,0.128609
0.418291,0.343153,0.119544,0.119012
0.412692,0.340431,0.123044,0.123833
0.420755,0.334849,0.119175,0.12522
0.427432,0.332127,0.119673,0.120767
0.428789,0.338061,0.114935,0.118214
0.424002,0.338309,0.111679,0.12601
0.429032,0.339261,0.116232,0.115475
0.434667,0.326119,0.118844,0.12037
0.432105,0.337807,0.115483,0.114605
0.425569,0.330953,0.123554,0.119924
0.429456,0.334728,0.110725,0.125091
0.433389,0.326148,0.107472,0.132991
0.436329,0.31821,0.108681,0.13678
0.434203,0.316535,0.115641,0.13362
0.43489,0.313176,0.124013,0.127922
0.42989,0.32474,0.121293,0.124077
0.426503,0.328981,0.122475,0.122041
0.416542,0.334897,0.124721,0.123841
0.418945,0.335619,0.12318,0.122256
0.413026,0.34447,0.130655,0.111849
0.411871,0.33874,0.1261,0.12329
0.415105,0.335822,0.136705,0.112369
0.421708,0.32903,0.141542,0.10772
0.421079,0.331527,0.142579,0.104815
0.434463,0.318081,0.145668,0.101788
0.436575,0.324077,0.1441,0.0952481
0.420858,0.338517,0.131359,0.109266
0.406501,0.349145,0.131428,0.112926
0.418456,0.337483,0.127729,0.116332
0.419002,0.340234,0.11802,0.122744
0.418348,0.343638,0.12012,0.117894
0.418632,0.340511,0.130344,0.110512
0.42192,0.335876,0.134852,0.107351
0.420732,0.334286,0.135646,0.109336
0.410575,0.344372,0.134155,0.110899
0.407356,0.33377,0.149086,0.109788
0.414353,0.331528,0.14622,0.107899
0.410265,0.341406,0.140304,0.108025
0.404573,0.347572,0.143739,0.104117
0.397159,0.354941,0.145753,0.102148
0.397531,0.356197,0.134974,0.111298
0.403304,0.349792,0.125336,0.121568
0.402457,0.348634,0.134685,0.114224
0.412342,0.344355,0.142487,0.100816
0.417752,0.341419,0.130789,0.11004
0.417366,0.333698,0.135159,0.113777
0.409522,0.345075,0.147139,0.0982642
0.418382,0.327437,0.142859,0.111322
0.428437,0.325785,0.141006,0.104772
0.434619,0.323414,0.135401,0.106566
0.431673,0.314924,0.143541,0.109862
0.437172,0.313244,0.132533,0.117051
0.434902,0.317838,0.12948,0.11778
0.43416,0.326477,0.133488,0.105876
0.435646,0.325674,0.135844,0.102836
0.419469,0.32287,0.148864,0.108797
0.426087,0.324187,0.141212,0.108514
0.429529,0.32017,0.137731,0.11257
0.430446,0.323696,0.139416,0.106442
0.442752,0.309908,0.137691,0.109649
0.450462,0.29906,0.138453,0.112025
0.448223,0.303892,0.145129,0.102756
0.435081,0.313013,0.150989,0.100918
0.432815,0.319085,0.145911,0.102189
0.445177,0.307797,0.144615,0.10241
0.455468,0.304961,0.136768,0.102804
0.457358,0.299307,0.141215,0.10212
0.455647,0.304943,0.134758,0.104652
0.466768,0.303552,0.127623,0.102057
0.471846,0.287508,0.143003,0.0976435
0.478811,0.280524,0.14796,0.0927048
0.460627,0.301745,0.145497,0.0921315
0.455504,0.306534,0.146653,0.0913096
0.449483,0.305884,0.155617,0.0890153
0.442081,0.301735,0.166685,0.0894985
0.448597,0.302258,0.160866,0.0882788
0.444726,0.292402,0.170418,0.0924535
0.451999,0.29339,0.162916,0.0916947
0.4595,0.293801,0.159092,0.0876064
0.472107,0.278507,0.156748,0.0926383
0.473218,0.275609,0.163393,0.0877803
0.476554,0.283091,0.152954,0.0874001
0.457429,0.298177,0.152333,0.0920611
0.461704,0.297349,0.146722,0.094225
0.467143,0.28973,0.153924,0.0892032
0.467692,0.287473,0.158424,0.0864111
0.469547,0.284054,0.157973,0.088426
0.459426,0.289018,0.162046,0.0895102
0.455308,0.296291,0.16087,0.0875308
0.461972,0.291299,0.163593,0.0831356
0.463134,0.294097,0.160117,0.0826525
0.454729,0.300865,0.159482,0.0849229
0.46062,0.294777,0.158567,0.0860354
0.472162,0.284744,0.158722,0.0843729
0.458598,0.297044,0.158439,0.0859188
0.454378,0.30081,0.161336,0.0834768
0.471889,0.288151,0.157478,0.0824816
0.470507,0.289792,0.159242,0.0804598
0.469394,0.287293,0.162648,0.0806653
0.4431,0.31652,0.160489,0.0798919
0.443233,0.319478,0.161604,0.0756843
0.456274,0.314161,0.153614,0.0759507
0.45811,0.309467,0.154699,0.0777245
0.461139,0.302952,0.157534,0.0783754
0.444568,0.324815,0.152438,0.0781793
0.449702,0.314243,0.157329,0.0787265
0.469499,0.302261,0.151078,0.0771626
0.472001,0.303565,0.151524,0.0729108
0.469452,0.303359,0.153729,0.0734601
0.483459,0.298041,0.142556,0.0759443
0.470028,0.302043,0.159169,0.0687601
0.478878,0.302102,0.151672,0.0673478
0.47308,0.307729,0.152078,0.0671139
0.465127,0.310189,0.154448,0.0702361
0.480132,0.311874,0.139509,0.0684842
0.477996,0.304384,0.150427,0.0671925
0.475004,0.309011,0.151268,0.0647178
0.481404,0.303824,0.147854,0.0669175
0.463313,0.31566,0.153379,0.0676485
0.471435,0.313441,0.143743,0.0713814
0.480664,0.309094,0.134474,0.0757672
0.486968,0.290413,0.1463,0.0763198
0.489996,0.287751,0.147535,0.0747179
0.486306,0.299032,0.138827,0.0758352
0.473608,0.308569,0.146347,0.0714762
0.478169,0.304958,0.146771,0.0701031
0.468247,0.312073,0.147684,0.0719964
0.459798,0.318744,0.148252,0.073206
0.456782,0.316534,0.156113,0.0705707
0.470498,0.307582,0.151392,0.0705277
0.461042,0.319222,0.147833,0.071903
0.468182,0.303096,0.154352,0.0743695
0.478668,0.287442,0.155099,0.0787905
0.481907,0.298319,0.14331,0.0764643
0.472451,0.299296,0.150214,0.0780395
0.486637,0.296989,0.141412,0.0749613
0.48562,0.305678,0.134766,0.0739352
0.481666,0.298947,0.148213,0.0711733
0.470127,0.305361,0.152296,0.072216
0.504024,0.28484,0.138219,0.0729169
0.492677,0.300307,0.133394,0.0736219
0.507107,0.28161,0.139223,0.0720607
0.506975,0.276934,0.143545,0.0725467
0.49438,0.295403,0.134132,0.0760847
0.488228,0.298695,0.142631,0.0704457
0.500619,0.288443,0.142968,0.0679693
0.492018,0.295653,0.143513,0.0688151
0.495274,0.288988,0.146598,0.0691408
0.506199,0.281127,0.142981,0.0696935
0.500492,0.282701,0.146686,0.0701211
0.493587,0.293359,0.143206,0.0698485
0.510255,0.274912,0.146101,0.0687314
0.492702,0.291814,0.150807,0.0646769
0.503609,0.279568,0.148311,0.0685123
0.506272,0.280749,0.146986,0.0659922
0.505919,0.281811,0.143332,0.0689391
0.511008,0.281889,0.138346,0.0687567
0.520015,0.271462,0.136869,0.0716541
0.529542,0.262514,0.138408,0.0695358
0.53149,0.262784,0.133115,0.0726113
0.514083,0.270469,0.140772,0.0746762
0.520328,0.268092,0.140263,0.0713169
0.527873,0.269695,0.132447,0.0699855
0.516344,0.28185,0.129044,0.072763
0.524553,0.271568,0.129385,0.0744942
0.511696,0.275559,0.139591,0.073154
0.490538,0.290715,0.143758,0.0749888
0.499525,0.287921,0.136334,0.0762197
0.481826,0.292883,0.152171,0.0731196
0.490822,0.285346,0.150123,0.0737089
0.483441,0.280024,0.158056,0.0784796
0.479051,0.286658,0.15513,0.079161
0.485327,0.285723,0.150665,0.0782855
0.487102,0.283433,0.150405,0.0790609
0.477156,0.294581,0.147226,0.0810375
0.482291,0.29713,0.143498,0.0770812
0.477346,0.29519,0.150351,0.0771131
0.472696,0.302224,0.149778,0.0753024
0.460949,0.312018,0.151258,0.0757748
0.460011,0.316337,0.146334,0.0773186
0.474953,0.305208,0.144295,0.075545
0.461279,0.317131,0.145975,0.0756148
0.462637,0.31563,0.145208,0.0765244
0.482282,0.298285,0.141023,0.0784096
0.489329,0.299962,0.135709,0.0749999
0.480205,0.301446,0.13975,0.0785994
0.47916,0.303883,0.136219,0.0807375
0.470253,0.308462,0.139723,0.0815617
0.466795,0.320959,0.130147,0.0820993
0.467673,0.311864,0.137893,0.0825695
0.47698,0.31665,0.12774,0.0786286
0.474401,0.324583,0.121683,0.079333
0.486756,0.307017,0.125858,0.0803689
0.479643,0.304133,0.131514,0.0847096
0.473263,0.304963,0.138696,0.0830774
0.474563,0.305345,0.131236,0.0888567
0.4775,0.307113,0.125739,0.0896478
0.464293,0.321801,0.125186,0.0887203
0.457377,0.325751,0.130288,0.0865842
0.464407,0.320926,0.134315,0.0803518
0.464392,0.325315,0.131016,0.0792766
0.458498,0.33009,0.134078,0.0773345
0.476584,0.299532,0.142167,0.0817174
0.473841,0.307538,0.134915,0.0837062
0.48103,0.298532,0.130638,0.0898001
0.484842,0.292793,0.13394,0.0884247
0.482231,0.305927,0.125113,0.0867292
0.477102,0.309571,0.12872,0.0846071
0.473167,0.309729,0.132142,0.0849622
0.47453,0.305282,0.137792,0.0823961
0.480383,0.297759,0.136614,0.0852442
0.490494,0.295691,0.128681,0.0851336
0.486274,0.290883,0.134243,0.0886
0.486668,0.294726,0.13267,0.0859362
0.477054,0.298795,0.138285,0.0858671
0.470601,0.308561,0.138105,0.0827336
0.475695,0.305451,0.134775,0.0840779
0.477854,0.30459,0.138778,0.0787785
0.470033,0.31379,0.132343,0.0838328
0.46924,0.309379,0.134585,0.0867957
0.473009,0.30264,0.14122,0.0831308
0.470024,0.296595,0.149747,0.0836332
0.479281,0.295445,0.145224,0.080049
0.468324,0.30556,0.146203,0.0799128
0.478947,0.300062,0.142524,0.0784674
0.478861,0.305517,0.132759,0.0828624
0.481113,0.304548,0.132016,0.0823237
0.484866,0.297959,0.134365,0.0828098
0.48782,0.301696,0.12558,0.084904
0.488536,0.294943,0.131036,0.0854853
0.484807,0.298661,0.136889,0.079644
0.480306,0.299327,0.137701,0.0826658
0.477985,0.304973,0.139331,0.0777109
0.466417,0.310422,0.143459,0.079702
0.476224,0.303706,0.139439,0.0806309
0.484861,0.297203,0.138077,0.0798588
0.482992,0.298419,0.138188,0.0804008
0.483884,0.290583,0.141565,0.083968
0.474734,0.299292,0.141582,0.0843922
0.468088,0.314335,0.134267,0.0833102
0.473356,0.308233,0.135198,0.0832133
0.47435,0.30569,0.137877,0.0820831
0.467761,0.313203,0.133443,0.0855931
0.460428,0.316536,0.136843,0.0861924
0.470617,0.309635,0.137801,0.0819461
0.46063,0.322038,0.138675,0.0786569
0.469271,0.320668,0.131661,0.0784002
0.479667,0.298447,0.1391,0.0827862
0.484111,0.301578,0.131833,0.0824787
0.475598,0.301892,0.143181,0.079329
0.471545,0.301887,0.146392,0.0801755
0.446722,0.324788,0.152166,0.0763236
0.452666,0.329227,0.146328,0.071779
0.459355,0.327242,0.138781,0.0746216
0.456419,0.33347,0.140249,0.069862
0.467523,0.327512,0.134806,0.0701594
0.473499,0.323875,0.134053,0.0685722
0.467518,0.329055,0.132503,0.0709245
0.465869,0.334746,0.123856,0.0755292
0.468287,0.342018,0.11037,0.0793247
0.464992,0.335798,0.124836,0.0743731
0.453633,0.358045,0.109772,0.0785501
0.454091,0.360358,0.108708,0.0768439
0.450809,0.362203,0.10967,0.0773172
0.441419,0.376664,0.102461,0.0794562
0.451644,0.361967,0.105087,0.0813016
0.440315,0.374395,0.102683,0.0826075
0.444074,0.369582,0.107685,0.0786594
0.453305,0.365698,0.0995107,0.0814866
0.439717,0.375482,0.10887,0.0759308
0.430969,0.383509,0.107658,0.0778635
0.437554,0.379446,0.104751,0.0782495
0.44354,0.378108,0.0955891,0.0827637
0.441539,0.37519,0.0990716,0.084199
0.453759,0.349668,0.100531,0.0960419
0.448671,0.357688,0.09805,0.0955916
0.438944,0.358026,0.0936471,0.109383
0.439386,0.360764,0.0975262,0.102324
0.447436,0.353185,0.0969597,0.102419
0.445137,0.362454,0.0891048,0.103304
0.438034,0.364762,0.0927249,0.104479
0.433757,0.369647,0.0945502,0.102045
0.435087,0.365338,0.0981056,0.101469
0.445106,0.358236,0.0997175,0.0969402
0.453838,0.354308,0.101744,0.0901111
0.456471,0.344746,0.108901,0.0898814
0.456435,0.344374,0.110794,0.0883975
0.452612,0.34099,0.11493,0.0914681
0.4609,0.333428,0.117994,0.0876775
0.460945,0.328059,0.120222,0.0907737
0.440991,0.357429,0.10601,0.0955708
0.442587,0.355445,0.10195,0.100018
0.445449,0.349961,0.104658,0.0999319
0.445523,0.348116,0.110338,0.0960235
0.450797,0.348507,0.108451,0.0922452
0.449368,0.35689,0.105856,0.0878852
0.454663,0.350984,0.100679,0.0936736
0.453372,0.345311,0.107776,0.0935404
0.453747,0.340897,0.1145,0.0908557
0.458003,0.343714,0.107022,0.0912617
0.458495,0.34531,0.106668,0.0895273
0.455797,0.342778,0.109845,0.0915799
0.463676,0.335941,0.112281,0.0881014
0.449328,0.342173,0.121704,0.0867947
0.451098,0.351094,0.110525,0.0872834
0.446907,0.34962,0.1186,0.084874
0.442762,0.34908,0.121158,0.0870004
0.453526,0.338433,0.125697,0.0823438
0.457071,0.332936,0.121651,0.0883419
0.45825,0.335558,0.123843,0.0823499
0.471692,0.323454,0.117486,0.0873683
0.459092,0.324698,0.12921,0.0869998
0.467842,0.320977,0.125209,0.0859728
0.452998,0.322811,0.139113,0.0850787
0.461925,0.313615,0.131491,0.0929687
0.467715,0.310235,0.130629,0.0914207
0.470101,0.308166,0.134907,0.0868255
0.460928,0.313681,0.146106,0.0792858
0.47707,0.302444,0.139977,0.0805097
0.476268,0.297889,0.14382,0.0820241
0.484166,0.291094,0.142666,0.0820738
0.461318,0.300118,0.153647,0.0849176
0.480577,0.293281,0.141583,0.0845589
0.464474,0.293996,0.159262,0.0822683
0.460836,0.304454,0.151977,0.082733
0.465577,0.294593,0.154807,0.085023
0.463468,0.304321,0.142109,0.0901019
0.470002,0.29542,0.151626,0.0829525
0.468028,0.299673,0.145029,0.0872704
0.467136,0.302596,0.145327,0.084941
0.463316,0.30773,0.139235,0.0897189
0.456253,0.301799,0.158065,0.0838834
0.4568,0.304871,0.155,0.0833302
0.451496,0.312357,0.155857,0.0802888
0.449042,0.316719,0.160198,0.0740408
0.448572,0.308594,0.172011,0.0708234
0.468993,0.29283,0.163379,0.0747981
0.453196,0.299326,0.173244,0.0742348
0.455595,0.304685,0.170008,0.0697123
0.46809,0.303068,0.160715,0.068127
0.4763,0.289844,0.161792,0.0720648
0.466209,0.288486,0.172456,0.0728485
0.46509,0.297986,0.162419,0.0745042
0.482437,0.281531,0.158952,0.0770794
0.481487,0.290752,0.151532,0.0762287
0.472626,0.288821,0.161903,0.0766503
0.47888,0.281264,0.162276,0.0775806
0.477084,0.283791,0.164771,0.0743537
0.477304,0.283637,0.164686,0.0743727
0.480533,0.284295,0.163528,0.0716441
0.47112,0.285516,0.170102,0.0732616
0.456548,0.291634,0.175735,0.0760838
0.459802,0.296094,0.165908,0.0781958
0.466572,0.280074,0.172578,0.0807756
0.469928,0.280779,0.165504,0.0837893
0.463065,0.280224,0.174381,0.0823306
0.475724,0.27457,0.166041,0.0836645
0.473782,0.280764,0.168142,0.0773118
0.466843,0.280521,0.172143,0.0804931
0.479707,0.274751,0.163774,0.081769
0.481963,0.276682,0.16079,0.080564
0.473724,0.279746,0.167853,0.078678
0.487592,0.272427,0.158579,0.0814017
0.477931,0.276289,0.164865,0.0809155
0.482287,0.276089,0.162685,0.0789386
0.468947,0.285695,0.166903,0.0784549
0.474002,0.28271,0.160549,0.0827397
0.495612,0.277916,0.146832,0.0796397
0.48736,0.275004,0.157177,0.0804601
0.495223,0.275436,0.149384,0.0799573
0.504007,0.27391,0.141301,0.0807826
0.50431,0.264683,0.147419,0.0835884
0.505937,0.271316,0.148351,0.0743963
0.498446,0.273807,0.149495,0.0782527
0.504058,0.268161,0.151483,0.0762977
0.494747,0.276187,0.152257,0.0768082
0.498479,0.268831,0.151839,0.0808507
0.493145,0.281679,0.149387,0.0757882
0.487291,0.288134,0.148914,0.075661
0.486302,0.28905,0.150162,0.0744858
0.494434,0.286411,0.145623,0.0735325
0.488141,0.28897,0.149828,0.0730618
0.501487,0.286664,0.139061,0.0727888
0.494553,0.295226,0.131043,0.0791781
0.502293,0.284921,0.14166,0.071126
0.496017,0.288766,0.141578,0.0736387
0.496357,0.281624,0.153129,0.0688908
0.492084,0.3032,0.135551,0.0691657
0.490501,0.291557,0.148519,0.0694239
0.485648,0.294479,0.150637,0.0692359
0.491877,0.298009,0.138734,0.071379
0.482,0.315797,0.131464,0.0707393
0.498901,0.296793,0.134921,0.0693847
0.488062,0.304631,0.133106,0.0742009
0.504389,0.288683,0.13635,0.070579
0.490325,0.310522,0.129624,0.0695284
0.490089,0.312848,0.129438,0.0676252
0.481511,0.317116,0.128844,0.0725297
0.490556,0.302186,0.132754,0.0745044
0.471366,0.322396,0.132558,0.0736794
0.477033,0.318921,0.132435,0.0716112
0.473345,0.331298,0.123953,0.0714048
0.478481,0.321255,0.12848,0.0717835
0.482937,0.316606,0.129934,0.0705236
0.483194,0.319207,0.129783,0.0678157
0.470899,0.337496,0.122746,0.0688595
0.479412,0.325183,0.124496,0.0709093
0.475671,0.326146,0.124298,0.073885
0.472119,0.329814,0.124288,0.0737786
0.482981,0.321422,0.11727,0.0783267
0.483806,0.324563,0.116127,0.0755033
0.482467,0.321668,0.118793,0.0770715
0.478631,0.326787,0.119581,0.0750002
0.462052,0.329764,0.128666,0.0795182
0.473367,0.324647,0.126706,0.0752807
0.469765,0.333769,0.123924,0.0725425
0.491986,0.312799,0.121712,0.0735029
0.479958,0.321154,0.122329,0.0765596
0.470353,0.335123,0.124546,0.0699785
0.483064,0.320629,0.123221,0.0730862
0.484509,0.323656,0.119153,0.0726818
0.482569,0.321953,0.121896,0.0735828
0.481907,0.327199,0.116423,0.0744707
0.486078,0.319424,0.117204,0.0772932
0.480133,0.327055,0.118741,0.0740713
0.481953,0.330305,0.112955,0.0747872
0.480229,0.32069,0.125321,0.0737603
0.477625,0.328293,0.121013,0.0730678
0.483356,0.322742,0.119701,0.0742005
0.487025,0.316503,0.123921,0.0725514
0.492468,0.317124,0.120242,0.0701668
0.476732,0.330046,0.123039,0.0701828
0.489255,0.320223,0.119633,0.0708898
0.476071,0.332412,0.118992,0.0725252
0.48452,0.328422,0.118195,0.0688629
0.481201,0.334356,0.111698,0.072744
0.494959,0.318917,0.115287,0.0708371
0.497178,0.315493,0.114015,0.0733138
0.486537,0.318427,0.116654,0.0783816
0.487008,0.308888,0.124058,0.0800456
0.483597,0.312474,0.125463,0.0784657
0.501513,0.295195,0.123326,0.0799651
0.494103,0.301717,0.123659,0.0805213
0.496016,0.299028,0.120785,0.0841698
0.494625,0.300024,0.123488,0.0818621
0.496088,0.301129,0.118605,0.0841777
0.4994,0.287308,0.131077,0.0822152
0.500368,0.282585,0.132956,0.0840911
0.501785,0.278791,0.133148,0.0862755
0.49627,0.284439,0.133293,0.0859976
0.501128,0.273034,0.135585,0.0902526
0.486468,0.28623,0.139837,0.0874647
0.484265,0.287875,0.143239,0.0846206
0.480653,0.287296,0.145338,0.0867141
0.476385,0.290853,0.145785,0.0869764
0.486166,0.279808,0.145731,0.0882951
0.485256,0.283721,0.141941,0.0890825
0.470222,0.295096,0.148681,0.0860008
0.476498,0.290605,0.150038,0.0828601
0.490028,0.286773,0.136728,0.0864712
0.484912,0.292151,0.13666,0.0862771
0.477744,0.296584,0.142327,0.0833453
0.480081,0.296868,0.140378,0.0826722
0.472052,0.30748,0.141295,0.0791726
0.495287,0.280585,0.143064,0.081063
0.49025,0.29198,0.137567,0.0802028
0.497266,0.284932,0.140191,0.0776116
0.500222,0.282082,0.141019,0.0766768
0.493875,0.286629,0.141853,0.0776421
0.500016,0.280573,0.142908,0.0765032
0.494801,0.289783,0.139401,0.0760154
0.511028,0.275209,0.135756,0.0780076
0.509714,0.275921,0.133952,0.0804122
0.498517,0.293265,0.131352,0.0768654
0.49432,0.295754,0.1343,0.0756258
0.490741,0.298949,0.133422,0.0768888
0.498801,0.299012,0.128775,0.0734118
0.503709,0.286482,0.133341,0.0764674
0.499646,0.290372,0.13276,0.0772222
0.490797,0.295925,0.137845,0.0754327
0.490939,0.297462,0.135819,0.0757801
0.477657,0.308266,0.14049,0.0735865
0.467276,0.322776,0.137726,0.0722222
0.47385,0.314896,0.134206,0.0770481
0.473736,0.312459,0.140051,0.073755
0.45858,0.328698,0.139414,0.0733085
0.456502,0.331547,0.138632,0.0733191
0.454801,0.334142,0.138644,0.0724119
0.452041,0.336332,0.140206,0.0714206
0.452795,0.329855,0.143174,0.0741761
0.447265,0.339858,0.138037,0.0748405
0.455254,0.331527,0.138655,0.0745646
0.451654,0.333782,0.140964,0.0736
0.451664,0.33667,0.137196,0.0744695
0.44668,0.333223,0.145882,0.0742155
0.443112,0.335858,0.14133,0.0796992
0.452051,0.332446,0.139788,0.0757155
0.450215,0.344429,0.13325,0.0721055
0.463387,0.334845,0.126826,0.0749419
0.447306,0.344538,0.132898,0.0752579
0.446739,0.343653,0.135125,0.0744825
0.43706,0.350706,0.138727,0.0735063
0.434142,0.353582,0.138255,0.0740205
0.439901,0.352392,0.13331,0.0743969
0.418997,0.372827,0.134442,0.0737343
0.43633,0.361487,0.126338,0.0758451
0.41461,0.384852,0.123037,0.0775018
0.4075,0.398592,0.121464,0.0724433
0.411699,0.394352,0.124357,0.0695924
0.409854,0.396112,0.119618,0.0744158
0.426385,0.381932,0.119947,0.0717353
0.429256,0.380266,0.116086,0.0743924
0.433492,0.375905,0.112848,0.0777544
0.438916,0.381047,0.10144,0.0785968
0.428236,0.389956,0.0947285,0.0870793
0.424086,0.40176,0.0930804,0.081074
0.429183,0.395845,0.0946171,0.0803542
0.432505,0.390271,0.0956695,0.081555
0.440255,0.379854,0.101021,0.0788686
0.46526,0.350994,0.107289,0.0764576
0.461389,0.357174,0.103689,0.0777487
0.472349,0.351459,0.0984289,0.0777624
0.468433,0.356004,0.0993578,0.0762052
0.448321,0.3767,0.096225,0.0787539
0.446988,0.37165,0.100966,0.0803954
0.43764,0.378636,0.103055,0.0806692
0.449082,0.367025,0.101671,0.0822217
0.454312,0.357018,0.10618,0.0824903
0.455887,0.345181,0.111187,0.087744
0.460157,0.338431,0.119012,0.0824009
0.463125,0.342307,0.109679,0.0848878
0.464509,0.344977,0.111269,0.0792447
0.467509,0.334536,0.115609,0.0823457
0.473611,0.317724,0.125073,0.0835922
0.467447,0.328325,0.121911,0.0823168
0.456765,0.333583,0.122999,0.0866526
0.443559,0.333649,0.139987,0.0828058
0.452187,0.328285,0.133047,0.0864807
0.436778,0.342017,0.140391,0.080814
0.450829,0.323795,0.140976,0.0844006
0.456929,0.319567,0.13931,0.084194
0.449456,0.325572,0.140018,0.0849531
0.458153,0.324845,0.136026,0.0809755
0.445337,0.330813,0.136173,0.0876775
0.456342,0.311314,0.140507,0.0918364
0.456444,0.309092,0.144354,0.09011
0.460805,0.306114,0.144,0.0890802
0.468393,0.299316,0.140787,0.0915038
0.463594,0.312899,0.138229,0.0852779
0.466905,0.29399,0.149256,0.0898484
0.46371,0.3067,0.138069,0.0915216
0.465671,0.302841,0.136658,0.0948304
0.45108,0.319212,0.131629,0.098079
0.456697,0.314461,0.130247,0.098594
0.472223,0.292062,0.142455,0.0932595
0.463186,0.296036,0.147505,0.0932728
0.470797,0.289107,0.144821,0.0952756
0.465739,0.28849,0.161196,0.084575
0.456621,0.298404,0.153707,0.0912682
0.45198,0.297088,0.161767,0.0891646
0.457664,0.295595,0.156431,0.0903102
0.443352,0.300212,0.167159,0.0892772
0.449753,0.295008,0.160142,0.0950971
0.449624,0.302253,0.158697,0.0894268
0.450792,0.292945,0.164747,0.0915166
0.445191,0.291146,0.175755,0.0879078
0.44878,0.291213,0.168284,0.0917236
0.445264,0.284523,0.17717,0.0930428
0.441881,0.286685,0.180004,0.0914297
0.434025,0.292947,0.178753,0.0942759
0.43634,0.28373,0.192978,0.0869515
0.424348,0.282028,0.2071,0.0865249
0.405972,0.292286,0.218627,0.083115
0.389039,0.296775,0.23005,0.0841359
0.412766,0.28763,0.211744,0.0878598
0.419644,0.292577,0.19982,0.087959
0.406711,0.304836,0.200834,0.0876196
0.409973,0.313148,0.191235,0.0856433
0.406555,0.311581,0.194046,0.0878173
0.403956,0.315321,0.192083,0.088639
0.404008,0.314562,0.194586,0.0868436
0.384056,0.330518,0.196949,0.0884771
0.387521,0.337387,0.186875,0.0882168
0.37473,0.349803,0.185727,0.0897397
0.375902,0.351604,0.183751,0.0887425
0.37954,0.350079,0.183731,0.08665
0.38019,0.35524,0.17781,0.0867601
0.387012,0.35531,0.171489,0.0861903
0.402005,0.343469,0.158423,0.096103
0.400189,0.343136,0.15946,0.0972145
0.422996,0.321551,0.147028,0.108425
0.424934,0.327571,0.139279,0.108216
0.439028,0.305452,0.138947,0.116573
0.433814,0.317868,0.14071,0.107608
0.438077,0.319201,0.140242,0.10248
0.448198,0.303846,0.149519,0.0984361
0.45387,0.296935,0.146607,0.102589
0.456847,0.296916,0.14738,0.0988578
0.45247,0.294695,0.160027,0.0928084
0.458614,0.298576,0.1538,0.0890101
0.446317,0.309951,0.157003,0.0867289
0.453262,0.304607,0.151114,0.091017
0.458461,0.29329,0.152828,0.0954214
0.455824,0.308333,0.145229,0.0906147
0.461064,0.308143,0.143637,0.0871563
0.458618,0.299132,0.150863,0.091388
0.46549,0.29121,0.154991,0.0883083
0.447885,0.292053,0.169556,0.0905064
0.435459,0.307995,0.171828,0.0847176
0.428539,0.31168,0.17509,0.0846903
0.424851,0.315734,0.177021,0.0823948
0.413724,0.322711,0.183859,0.079705
0.419215,0.313022,0.186795,0.0809675
0.417377,0.325268,0.178211,0.0791436
0.424987,0.318492,0.177085,0.079436
0.418814,0.33502,0.169251,0.0769153
0.420801,0.336197,0.1705,0.072503
0.41749,0.327948,0.179388,0.0751736
0.419993,0.325199,0.184921,0.0698876
0.423586,0.317655,0.187198,0.0715609
0.445517,0.303435,0.177433,0.0736149
0.436112,0.316476,0.177896,0.0695166
0.436846,0.316047,0.17705,0.0700567
0.426263,0.326252,0.177044,0.0704414
0.42251,0.330734,0.176657,0.0700992
0.437476,0.309208,0.180598,0.0727189
0.42939,0.326304,0.174043,0.0702633
0.440013,0.303885,0.184865,0.0712367
0.437818,0.30691,0.182413,0.0728594
0.420879,0.328566,0.175994,0.074561
0.425329,0.331385,0.167075,0.0762106
0.44091,0.330226,0.155321,0.0735434
0.447902,0.318116,0.163819,0.0701627
0.445541,0.311254,0.171327,0.0718785
0.466949,0.292928,0.165334,0.0747881
0.484568,0.277926,0.161348,0.0761577
0.460684,0.292695,0.171971,0.0746504
0.459276,0.294696,0.169831,0.0761977
0.456414,0.294417,0.175284,0.0738853
0.469513,0.278529,0.176289,0.0756692
0.484387,0.270477,0.178448,0.066688
0.485719,0.271547,0.175045,0.0676889
0.493081,0.260575,0.176627,0.0697168
0.491143,0.264398,0.174108,0.0703513
0.478133,0.269193,0.183169,0.0695046
0.478764,0.261666,0.187045,0.0725252
0.492612,0.263872,0.173112,0.0704048
0.488689,0.265822,0.17801,0.0674787
0.471026,0.279454,0.187972,0.0615474
0.466914,0.280615,0.193047,0.0594241
0.455735,0.285473,0.201135,0.0576573
0.446486,0.294082,0.20462,0.0548128
0.45274,0.286043,0.202614,0.0586027
0.460345,0.27863,0.201492,0.059534
0.454571,0.291507,0.194392,0.0595303
0.467485,0.286602,0.184979,0.0609338
0.469972,0.280231,0.187385,0.0624122
0.471717,0.271379,0.192094,0.0648104
0.462907,0.278246,0.193883,0.0649637
0.457901,0.283479,0.194229,0.0643909
0.449983,0.294753,0.187748,0.0675164
0.446646,0.298079,0.187625,0.0676503
0.449915,0.289256,0.194698,0.0661309
0.452266,0.294373,0.184902,0.0684587
0.456896,0.296906,0.177678,0.0685201
0.452913,0.300737,0.178357,0.0679926
0.461971,0.300096,0.172632,0.065301
0.459089,0.310145,0.165601,0.0651644
0.467371,0.305545,0.160684,0.0663998
0.475044,0.299921,0.158209,0.0668269
0.480746,0.298811,0.151884,0.0685584
0.480457,0.295514,0.156782,0.0672478
0.47718,0.294277,0.162265,0.0662776
0.465772,0.311074,0.158525,0.0646284
0.46985,0.304008,0.161422,0.0647205
0.474651,0.30652,0.1502,0.0686292
0.464512,0.323828,0.145356,0.066304
0.463166,0.331359,0.138106,0.0673692
0.475058,0.319453,0.137738,0.067751
0.466551,0.32049,0.146249,0.0667093
0.455683,0.333302,0.146525,0.0644901
0.465488,0.328045,0.139813,0.0666547
0.478215,0.314263,0.140261,0.0672608
0.474321,0.325492,0.133088,0.0670995
0.48734,0.315455,0.12853,0.0686755
0.485031,0.31091,0.131492,0.0725666
0.484397,0.322632,0.122451,0.0705207
0.488232,0.324368,0.117618,0.0697826
0.48317,0.328663,0.120525,0.0676432
0.484105,0.327079,0.120163,0.0686527
0.479243,0.332137,0.121907,0.0667133
0.471432,0.335004,0.124856,0.0687071
0.483214,0.326911,0.120862,0.069014
0.480682,0.330401,0.120509,0.0684076
0.479487,0.325071,0.126487,0.0689555
0.491402,0.317647,0.118186,0.0727653
0.492942,0.3209,0.110224,0.0759343
0.483817,0.318345,0.123495,0.0743422
0.486025,0.321022,0.120486,0.0724669
0.473967,0.326307,0.122704,0.0770214
0.48045,0.321162,0.116544,0.0818434
0.467857,0.335038,0.119418,0.0776871
0.48329,0.322986,0.122925,0.0707989
0.482135,0.328216,0.119302,0.0703472
0.476431,0.318258,0.133475,0.0718363
0.478572,0.314227,0.135655,0.0715457
0.48142,0.306082,0.139508,0.0729904
0.475922,0.308594,0.136872,0.0786113
0.474878,0.311932,0.136248,0.0769426
0.478639,0.305179,0.13528,0.0809023
0.473781,0.316809,0.128421,0.0809887
0.462291,0.324914,0.131763,0.0810322
0.464982,0.333794,0.125071,0.0761532
0.474934,0.322978,0.125455,0.0766336
0.468581,0.319828,0.135083,0.0765084
0.450607,0.331793,0.140476,0.0771246
0.456316,0.334235,0.132606,0.0768429
0.465684,0.321598,0.13166,0.081058
0.453993,0.335072,0.1283,0.0826343
0.451517,0.338952,0.127442,0.0820892
0.474356,0.321389,0.123071,0.0811837
0.46389,0.332968,0.124183,0.0789584
0.465779,0.32799,0.124281,0.0819505
0.469112,0.321062,0.127038,0.0827879
0.466094,0.319113,0.128448,0.086345
0.461954,0.317373,0.13675,0.0839229
0.468523,0.317326,0.127958,0.0861928
0.476935,0.311926,0.130554,0.0805852
0.474073,0.310051,0.132437,0.0834385
0.461593,0.318604,0.137854,0.0819498
0.452711,0.319426,0.144287,0.083576
0.464645,0.309703,0.140465,0.0851872
0.466312,0.322243,0.126874,0.0845709
0.461748,0.318396,0.134527,0.085329
0.45468,0.324438,0.138067,0.082815
0.451575,0.325677,0.13327,0.0894781
0.46239,0.319322,0.129399,0.08889
0.439882,0.344539,0.13,0.0855789
0.449516,0.341322,0.119569,0.0895942
0.451009,0.34049,0.11583,0.0926706
0.441987,0.342173,0.120986,0.094855
0.431715,0.357617,0.121391,0.0892774
0.432085,0.35161,0.123584,0.0927211
0.434762,0.347356,0.125479,0.0924034
0.42276,0.363501,0.123542,0.0901971
0.430044,0.360182,0.120709,0.0890653
0.429552,0.358142,0.128876,0.0834308
0.431859,0.351988,0.130474,0.0856796
0.42835,0.361397,0.12312,0.0871339
0.423933,0.363325,0.123935,0.088807
0.422578,0.359029,0.123451,0.0949421
0.420229,0.362925,0.126306,0.0905396
0.423542,0.356438,0.129654,0.090365
0.425948,0.353557,0.131931,0.0885644
0.426258,0.349645,0.129401,0.0946961
0.424096,0.353261,0.127124,0.095519
0.427138,0.357753,0.111639,0.10347
0.426628,0.363807,0.10883,0.100734
0.420521,0.372267,0.10243,0.104782
0.427529,0.361275,0.113244,0.0979519
0.425643,0.365742,0.109394,0.0992217
0.417757,0.369032,0.10542,0.107791
0.431623,0.343157,0.116481,0.108739
0.420842,0.35362,0.118027,0.107512
0.422928,0.358521,0.107441,0.11111
0.421208,0.367588,0.10703,0.104175
0.423197,0.36086,0.108256,0.107686
0.414686,0.371372,0.108139,0.105802
0.416534,0.369513,0.111576,0.102377
0.415108,0.366914,0.118798,0.0991806
0.412666,0.372038,0.117311,0.0979854
0.419079,0.353779,0.122621,0.104522
0.412866,0.357894,0.117812,0.111428
0.404002,0.367346,0.121623,0.107028
0.405193,0.379101,0.113499,0.102206
0.402863,0.38152,0.110632,0.104985
0.396222,0.388851,0.119087,0.0958393
0.401779,0.38677,0.116589,0.0948621
0.404834,0.384678,0.109812,0.100676
0.410114,0.375363,0.111246,0.103277
0.410588,0.372602,0.11038,0.10643
0.414495,0.378631,0.102312,0.104563
0.411387,0.38637,0.104509,0.097733
0.411895,0.383198,0.110756,0.0941504
0.418218,0.379037,0.10959,0.093155
0.423226,0.363132,0.117272,0.0963701
0.430971,0.352293,0.120946,0.0957902
0.432937,0.351046,0.122231,0.0937868
0.443679,0.337104,0.123415,0.0958015
0.444295,0.329152,0.132161,0.0943919
0.434726,0.334746,0.137765,0.0927634
0.436299,0.338645,0.135964,0.0890923
0.435046,0.341807,0.129933,0.0932131
0.438303,0.336326,0.121368,0.104002
0.446736,0.329318,0.115069,0.108878
0.445265,0.321692,0.127511,0.105533
0.438704,0.320643,0.138243,0.10241
0.459446,0.306723,0.129092,0.104739
0.436097,0.324256,0.142444,0.0972031
0.42659,0.329566,0.147412,0.0964314
0.439821,0.323631,0.136969,0.0995786
0.435379,0.323831,0.142999,0.0977901
0.43132,0.319667,0.148206,0.100806
0.446728,0.312815,0.138738,0.101719
0.437095,0.316072,0.145478,0.101354
0.426894,0.320522,0.14906,0.103525
0.438131,0.309948,0.147637,0.104284
0.437388,0.305873,0.151075,0.105665
0.436232,0.308276,0.151869,0.103623
0.434412,0.31403,0.14835,0.103208
0.445272,0.311195,0.137852,0.105681
0.433204,0.306871,0.151505,0.10842
0.416747,0.312225,0.16744,0.103588
0.418826,0.320061,0.162084,0.0990289
0.432703,0.313235,0.155367,0.0986945
0.428485,0.320854,0.151534,0.0991265
0.433852,0.319328,0.151845,0.0949741
0.430832,0.321792,0.151712,0.0956638
0.431072,0.323482,0.152905,0.0925414
0.428067,0.328255,0.152303,0.0913755
0.443187,0.318503,0.146965,0.0913454
0.443727,0.320643,0.13932,0.0963093
0.438377,0.325243,0.145568,0.0908126
0.44336,0.321163,0.140784,0.094693
0.45695,0.311486,0.13398,0.0975843
0.448622,0.317467,0.14045,0.0934609
0.44459,0.321187,0.145096,0.0891267
0.448401,0.32598,0.137581,0.0880392
0.463931,0.309211,0.135722,0.0911368
0.45866,0.316708,0.137806,0.0868261
0.457518,0.322594,0.130884,0.0890041
0.456243,0.312647,0.142663,0.0884475
0.474403,0.304348,0.129363,0.0918857
0.467859,0.30237,0.136515,0.0932566
0.482397,0.298786,0.125484,0.0933334
0.477743,0.305833,0.122154,0.0942709
0.47208,0.312483,0.12274,0.0926965
0.46687,0.318586,0.122912,0.0916324
0.456941,0.315861,0.141763,0.0854346
0.449248,0.32732,0.142041,0.0813907
0.446721,0.321099,0.144378,0.0878014
0.454103,0.325325,0.136303,0.0842702
0.470079,0.311524,0.13451,0.0838874
0.469508,0.308971,0.128744,0.0927765
0.470118,0.322641,0.120731,0.0865103
0.461098,0.316418,0.136804,0.0856789
0.470895,0.316951,0.127859,0.0842955
0.464921,0.325879,0.12382,0.08538
0.474588,0.320751,0.122502,0.0821594
0.468207,0.321861,0.126006,0.0839255
0.475616,0.31724,0.116675,0.090469
0.474357,0.314441,0.129363,0.0818395
0.467652,0.325481,0.12685,0.0800175
0.480391,0.314436,0.128856,0.0763172
0.475569,0.321887,0.123037,0.079507
0.486123,0.305633,0.126342,0.0819015
0.484721,0.310039,0.122581,0.0826601
0.48526,0.310561,0.120113,0.0840663
0.473723,0.318784,0.123856,0.0836367
0.471446,0.320352,0.124062,0.0841409
0.468309,0.325107,0.12463,0.0819537
0.487776,0.318397,0.114017,0.0798097
0.480604,0.326591,0.113736,0.0790692
0.476728,0.327349,0.117359,0.0785641
0.484742,0.325499,0.106171,0.0835871
0.471361,0.326531,0.117441,0.0846669
0.471597,0.326838,0.117952,0.0836125
0.478666,0.319612,0.122421,0.0793009
0.463928,0.33259,0.126388,0.0770944
0.471014,0.323368,0.125202,0.0804158
0.469683,0.331078,0.119384,0.0798548
0.471234,0.327686,0.12157,0.0795094
0.473664,0.320952,0.120993,0.0843905
