EWY,KRW=X,IEF,GLD
0.426274,0.306491,0.178475,0.0887599
0.421289,0.302554,0.184834,0.091323
0.426333,0.298355,0.184838,0.0904745
0.419654,0.310054,0.180872,0.0894199
0.420958,0.315318,0.173177,0.0905465
0.435214,0.312671,0.164253,0.0878628
0.418342,0.328325,0.170572,0.0827615
0.410611,0.332325,0.171943,0.0851209
0.4157,0.338938,0.163317,0.0820452
0.41343,0.327662,0.175825,0.0830827
0.410034,0.338589,0.170792,0.0805851
0.426061,0.32813,0.16139,0.0844189
0.437935,0.317195,0.156536,0.0883335
0.444426,0.324179,0.14646,0.0849349
0.453781,0.300217,0.156531,0.0894709
0.459789,0.310453,0.146847,0.0829111
0.471098,0.311402,0.135643,0.0818569
0.48505,0.301187,0.130936,0.082826
0.477255,0.309044,0.126799,0.0869021
0.494277,0.293884,0.127249,0.0845894
0.487993,0.29947,0.127619,0.0849176
0.488414,0.296801,0.134072,0.0807134
0.48537,0.293176,0.142238,0.0792157
0.467566,0.301515,0.150148,0.0807707
0.475598,0.295833,0.145842,0.0827269
0.469135,0.303521,0.140761,0.0865838
0.468242,0.310191,0.133899,0.0876685
0.471052,0.308331,0.131517,0.0891006
0.472804,0.297871,0.134401,0.094923
0.47023,0.308901,0.129947,0.0909219
0.475303,0.312441,0.127425,0.0848311
0.464953,0.320836,0.129032,0.0851795
0.455075,0.330051,0.135657,0.0792172
0.457636,0.323495,0.13654,0.0823278
0.451184,0.337563,0.133859,0.0773936
0.470261,0.322482,0.124711,0.0825456
0.467166,0.324766,0.126345,0.0817232
0.465136,0.324848,0.126653,0.083363
0.477232,0.316261,0.125376,0.0811304
0.476995,0.303161,0.138014,0.08183
0.468869,0.314812,0.13294,0.0833787
0.474447,0.306549,0.134489,0.084515
0.470589,0.313185,0.133064,0.0831619
0.473481,0.30289,0.139682,0.083947
0.497203,0.288882,0.130524,0.0833909
0.497433,0.288424,0.135184,0.0789595
0.502503,0.284797,0.131325,0.0813748
0.505053,0.291495,0.12009,0.0833621
0.506678,0.289957,0.117002,0.0863629
0.509096,0.289209,0.116404,0.0852909
0.505891,0.277582,0.125487,0.09104
0.508971,0.286764,0.119604,0.0846606
0.508644,0.286602,0.115719,0.0890355
0.511895,0.282588,0.122936,0.082581
0.497734,0.29307,0.128198,0.0809976
0.488252,0.298844,0.136226,0.0766784
0.485876,0.291962,0.142801,0.0793618
0.470835,0.310474,0.140777,0.0779139
0.492151,0.294127,0.132398,0.0813241
0.482989,0.307302,0.13171,0.0779984
0.472642,0.324131,0.130375,0.0728516
0.47631,0.336061,0.116245,0.0713843
0.463207,0.342666,0.12184,0.0722871
0.453403,0.351411,0.125723,0.0694624
0.46401,0.338298,0.127528,0.0701641
0.465115,0.339315,0.123791,0.0717798
0.450681,0.349667,0.124663,0.0749889
0.463729,0.335128,0.125811,0.0753317
0.455145,0.343782,0.129254,0.0718192
0.466216,0.336484,0.12552,0.0717802
0.464848,0.340594,0.123695,0.0708622
0.462601,0.346493,0.123404,0.0675015
0.466224,0.338753,0.126851,0.0681714
0.453981,0.340038,0.13576,0.0702222
0.474615,0.323352,0.127974,0.0740595
0.457471,0.330622,0.140686,0.0712207
0.459529,0.326537,0.140952,0.072982
0.456115,0.317236,0.156898,0.0697513
0.455785,0.319267,0.152004,0.0729444
0.444374,0.324006,0.157863,0.0737569
0.457125,0.315743,0.141209,0.0859229
0.453625,0.322245,0.138692,0.0854388
0.456597,0.321669,0.136686,0.0850476
0.468777,0.314509,0.124922,0.0917917
0.453826,0.324285,0.137992,0.0838967
0.451734,0.330929,0.135652,0.0816859
0.461236,0.319219,0.139799,0.0797457
0.44838,0.334657,0.139082,0.0778811
0.453003,0.3229,0.146426,0.0776707
0.441657,0.322971,0.153557,0.0818147
0.440335,0.337773,0.136345,0.0855466
0.450353,0.324729,0.138608,0.0863092
0.458258,0.319125,0.137421,0.0851952
0.466036,0.316974,0.134915,0.0820746
0.455437,0.327812,0.137312,0.0794385
0.447259,0.331152,0.145978,0.0756102
0.441892,0.341195,0.134571,0.0823417
0.443731,0.34285,0.125029,0.0883904
0.436408,0.353984,0.122619,0.086989
0.44498,0.348902,0.122827,0.0832905
0.445248,0.356643,0.1149,0.0832089
0.450815,0.348537,0.118161,0.082487
0.44238,0.358345,0.114459,0.0848156
0.439371,0.357351,0.123329,0.0799491
0.434308,0.360548,0.115827,0.0893159
0.435302,0.361612,0.115156,0.0879307
0.449337,0.346675,0.115918,0.0880704
0.442189,0.345674,0.129444,0.0826925
0.442257,0.346254,0.131478,0.0800115
0.429739,0.362135,0.126598,0.0815279
0.427219,0.367246,0.122897,0.0826383
0.437991,0.362715,0.121819,0.0774749
0.440318,0.360435,0.116213,0.0830348
0.438259,0.360062,0.113439,0.08824
0.437674,0.351738,0.119819,0.0907691
0.439946,0.349624,0.119862,0.0905688
0.450816,0.334972,0.124104,0.0901074
0.443199,0.33928,0.129376,0.0881445
0.454021,0.331262,0.128779,0.0859376
0.456764,0.326863,0.119799,0.0965735
0.444653,0.336656,0.118231,0.10046
0.453365,0.327675,0.123011,0.0959496
0.460735,0.320024,0.123664,0.0955775
0.459212,0.324283,0.118451,0.0980534
0.46271,0.322351,0.117101,0.0978372
0.462505,0.32391,0.118137,0.0954475
0.454314,0.326935,0.127608,0.0911423
0.466071,0.317582,0.123405,0.0929427
0.462167,0.322884,0.117624,0.0973243
0.466318,0.320427,0.12255,0.0907057
0.456262,0.323292,0.119061,0.101385
0.463529,0.309598,0.127395,0.0994772
0.468179,0.31329,0.126301,0.0922301
0.459037,0.319212,0.128568,0.0931822
0.461928,0.313854,0.128584,0.0956333
0.45498,0.324505,0.124405,0.0961107
0.459533,0.310382,0.134647,0.0954377
0.465757,0.319154,0.124055,0.0910339
0.462992,0.326101,0.120635,0.0902712
0.466115,0.321889,0.129961,0.0820353
0.490348,0.30299,0.119794,0.0868677
0.491435,0.304353,0.119361,0.0848504
0.472103,0.316417,0.130202,0.081279
0.479431,0.313099,0.1274,0.0800706
0.471571,0.320633,0.125659,0.0821367
0.45684,0.327058,0.134427,0.081675
0.462083,0.318014,0.136121,0.0837817
0.450827,0.338139,0.127445,0.0835882
0.453532,0.342838,0.12453,0.0791
0.453877,0.335631,0.133531,0.0769612
0.461988,0.328457,0.134629,0.0749258
0.456359,0.339752,0.130306,0.0735838
0.447132,0.341116,0.135211,0.0765418
0.448282,0.345198,0.126256,0.0802649
0.45566,0.338138,0.122038,0.0841643
0.449269,0.33972,0.129581,0.0814297
0.452601,0.339122,0.130753,0.0775244
0.44122,0.343285,0.134429,0.081067
0.436435,0.352695,0.125371,0.0854983
0.433606,0.346122,0.13736,0.0829116
0.449596,0.331982,0.136055,0.0823665
0.439127,0.349719,0.13001,0.0811441
0.440097,0.345476,0.130653,0.0837735
0.44187,0.349322,0.128733,0.0800756
0.437437,0.350691,0.132617,0.079255
0.431443,0.359046,0.127354,0.0821564
0.441402,0.362348,0.117095,0.0791543
0.441036,0.370732,0.0994123,0.088819
0.443021,0.357423,0.109394,0.0901625
0.429791,0.369415,0.111408,0.0893867
0.442661,0.35451,0.112563,0.0902662
0.427542,0.371588,0.107899,0.0929708
0.437188,0.365657,0.109098,0.0880564
0.447787,0.357811,0.102475,0.091927
0.42925,0.376969,0.105149,0.0886321
0.420572,0.381364,0.10692,0.0911439
0.419453,0.384785,0.111275,0.084486
0.415637,0.392479,0.104314,0.0875706
0.417846,0.394982,0.0979537,0.0892183
0.423642,0.395199,0.0960664,0.0850923
0.424108,0.385777,0.0963232,0.0937919
0.410315,0.400259,0.100297,0.0891281
0.400047,0.406807,0.100948,0.0921988
0.400896,0.405689,0.10523,0.0881842
0.416685,0.392049,0.0927507,0.0985155
0.41323,0.393876,0.0921101,0.100784
0.401034,0.408705,0.0941598,0.0961016
0.409277,0.400225,0.0955819,0.0949157
0.405782,0.397347,0.106816,0.0900557
0.4051,0.40719,0.101393,0.086318
0.401119,0.414807,0.0983912,0.0856828
0.421165,0.401329,0.0940849,0.0834203
0.425607,0.392606,0.100835,0.0809522
0.429978,0.385314,0.0974503,0.0872577
0.418224,0.388397,0.108045,0.0853339
0.420719,0.378817,0.108947,0.091517
0.408866,0.392166,0.103711,0.0952569
0.411675,0.388237,0.0997919,0.100296
0.42651,0.376036,0.098471,0.0989828
0.408927,0.39896,0.0981066,0.0940067
0.411626,0.39711,0.0934521,0.097812
0.417906,0.387613,0.0933328,0.101148
0.4141,0.381997,0.101036,0.102866
0.425637,0.374676,0.0965478,0.103139
0.430467,0.372565,0.0915969,0.10537
0.434773,0.368485,0.0933498,0.103392
0.42875,0.368709,0.0936803,0.108861
0.442976,0.357472,0.0943125,0.105239
0.432629,0.35385,0.0951565,0.118365
0.419788,0.368457,0.0986455,0.113109
0.421858,0.373851,0.0938505,0.110441
0.430866,0.360703,0.0954202,0.113011
0.433982,0.355295,0.0964309,0.114292
0.424822,0.355664,0.104697,0.114817
0.427967,0.354397,0.0981388,0.119497
0.426881,0.355162,0.0994576,0.118499
0.421902,0.355517,0.10122,0.121361
0.42893,0.349449,0.105116,0.116505
0.430543,0.350401,0.103354,0.115702
0.415202,0.358525,0.0985386,0.127734
0.416402,0.352549,0.103779,0.12727
0.418384,0.34804,0.106644,0.126932
0.41033,0.351994,0.109161,0.128515
0.417037,0.339214,0.115014,0.128734
0.418601,0.345896,0.117218,0.118286
0.411165,0.341277,0.123037,0.124521
0.41785,0.333898,0.119888,0.128364
0.417676,0.334982,0.119424,0.127919
0.423613,0.343013,0.11385,0.119524
0.425574,0.338349,0.112057,0.12402
0.432001,0.340336,0.115211,0.112452
0.429637,0.327182,0.115455,0.127726
0.423082,0.342619,0.110891,0.123408
0.429532,0.32818,0.121207,0.12108
0.429225,0.342803,0.102887,0.125085
0.433177,0.325053,0.104761,0.137009
0.438044,0.315647,0.110735,0.135574
0.440629,0.307309,0.118314,0.133749
0.43294,0.319015,0.121795,0.12625
0.426374,0.329683,0.122228,0.121715
0.424071,0.327576,0.115867,0.132485
0.417049,0.333546,0.123775,0.12563
0.418564,0.340084,0.121154,0.120198
0.412999,0.342934,0.126257,0.11781
0.410671,0.346664,0.129331,0.113334
0.410816,0.345771,0.131952,0.11146
0.416287,0.332542,0.143058,0.108113
0.417191,0.333148,0.144273,0.105388
0.434484,0.318381,0.144144,0.102991
0.430743,0.329666,0.139376,0.100216
0.414165,0.341332,0.132878,0.111625
0.402703,0.347793,0.132237,0.117268
0.41441,0.342829,0.124263,0.118498
0.419367,0.345921,0.114212,0.120501
0.419325,0.343649,0.114631,0.122395
0.408327,0.347335,0.130554,0.113784
0.416707,0.336057,0.138245,0.108991
0.418279,0.338389,0.137861,0.105472
0.401721,0.353357,0.13507,0.109852
0.407638,0.336213,0.149539,0.106609
0.41377,0.3358,0.141609,0.10882
0.408645,0.33767,0.14217,0.111515
0.401633,0.346586,0.144487,0.107294
0.398135,0.355177,0.141838,0.10485
0.396466,0.351989,0.124195,0.127351
0.403197,0.346851,0.127986,0.121966
0.399698,0.345297,0.138417,0.116588
0.405492,0.345501,0.142256,0.106751
0.412358,0.346088,0.131364,0.11019
0.419938,0.327105,0.135679,0.117279
0.4132,0.345212,0.136553,0.105035
0.423257,0.323978,0.140477,0.112288
0.426025,0.327129,0.135332,0.111514
0.432256,0.32748,0.131299,0.108965
0.426744,0.320943,0.142,0.110312
0.431925,0.313307,0.135063,0.119705
0.427662,0.324604,0.130005,0.117729
0.430788,0.326346,0.129526,0.11334
0.431583,0.329009,0.134468,0.10494
0.425627,0.321774,0.141854,0.110745
0.425414,0.32818,0.135776,0.11063
0.434797,0.316917,0.135699,0.112588
0.425018,0.324984,0.140659,0.109339
0.442686,0.311674,0.132554,0.113086
0.445538,0.302251,0.14078,0.111431
0.446845,0.302359,0.14705,0.103747
0.437827,0.313256,0.149147,0.0997707
0.432487,0.323739,0.141757,0.102017
0.440968,0.31029,0.14576,0.102983
0.456793,0.304077,0.141342,0.0977873
0.460338,0.295947,0.141222,0.102493
0.463418,0.298268,0.13745,0.100864
0.469579,0.297968,0.129753,0.102699
0.477007,0.283008,0.141656,0.0983295
0.470039,0.284633,0.151387,0.0939414
0.459977,0.300608,0.146642,0.0927719
0.45641,0.30766,0.144572,0.0913582
0.459321,0.304811,0.147419,0.0884495
0.446277,0.299464,0.165239,0.0890197
0.441421,0.306735,0.163813,0.0880314
0.453334,0.285362,0.16811,0.0931943
0.451173,0.288659,0.167409,0.0927594
0.46302,0.286711,0.16295,0.0873193
0.471614,0.275093,0.161355,0.0919379
0.470109,0.277074,0.166252,0.0865661
0.471398,0.280623,0.161354,0.086625
0.463218,0.29077,0.154926,0.0910858
0.45642,0.300901,0.14998,0.0926996
0.463599,0.290902,0.157099,0.0883996
0.468553,0.290284,0.154933,0.0862291
0.47116,0.282398,0.15906,0.0873807
0.45553,0.288282,0.166221,0.0899668
0.446764,0.304499,0.163309,0.0854276
0.454336,0.297165,0.16449,0.0840087
0.463037,0.296259,0.159425,0.0812791
0.445635,0.305975,0.163234,0.0851557
0.456655,0.295711,0.161605,0.0860289
0.466638,0.286952,0.161406,0.0850045
0.46069,0.296917,0.156619,0.0857747
0.46324,0.2935,0.159413,0.0838468
0.473727,0.287263,0.156071,0.0829389
0.475802,0.283567,0.159368,0.0812629
0.471361,0.286612,0.16285,0.0791768
0.440187,0.317916,0.163073,0.0788244
0.441989,0.315317,0.167293,0.0754005
0.454387,0.313445,0.157234,0.0749338
0.457647,0.307947,0.157523,0.0768828
0.468252,0.29672,0.155859,0.0791693
0.446849,0.322906,0.154062,0.0761831
0.450387,0.318724,0.153155,0.0777338
0.469344,0.301678,0.152865,0.0761134
0.466203,0.304457,0.155902,0.0734382
0.472709,0.299505,0.154296,0.0734901
0.480557,0.302364,0.138145,0.0789335
0.474324,0.301128,0.155909,0.0686398
0.47762,0.304656,0.149286,0.0684391
0.469115,0.310535,0.152852,0.067498
0.462276,0.316652,0.15103,0.0700419
0.479572,0.311379,0.141533,0.0675159
0.480011,0.303063,0.150096,0.0668299
0.474848,0.30626,0.153786,0.0651058
0.488815,0.29882,0.145012,0.0673529
0.461211,0.316751,0.154625,0.067413
0.474629,0.315071,0.140757,0.0695432
0.483579,0.306431,0.135074,0.0749163
0.491074,0.290266,0.143449,0.0752099
0.494508,0.286282,0.144828,0.0743821
0.491983,0.289673,0.143369,0.0749753
0.468298,0.309578,0.146598,0.075526
0.476656,0.301013,0.150414,0.0719174
0.473819,0.309087,0.145207,0.0718864
0.460823,0.316321,0.150849,0.0720066
0.46794,0.312569,0.149021,0.0704697
0.468104,0.30878,0.153683,0.0694336
0.459291,0.320801,0.147545,0.0723632
0.470454,0.301061,0.154118,0.0743676
0.473893,0.292875,0.154745,0.0784866
0.481625,0.296902,0.144365,0.0771081
0.46819,0.304301,0.148559,0.0789499
0.487667,0.296101,0.140518,0.0757142
0.489306,0.30415,0.13452,0.0720236
0.488171,0.296154,0.143869,0.071807
0.476992,0.304803,0.146424,0.0717805
0.498176,0.288886,0.138766,0.0741717
0.49031,0.297665,0.136313,0.0757116
0.505709,0.280226,0.140547,0.0735178
0.510147,0.27659,0.141513,0.0717505
0.491286,0.294629,0.137817,0.0762686
0.489649,0.296322,0.143137,0.0708916
0.496804,0.29147,0.144782,0.0669444
0.48619,0.299792,0.146369,0.0676489
0.491693,0.291453,0.148378,0.0684757
0.50483,0.281411,0.142598,0.0711614
0.50238,0.279718,0.147602,0.0703003
0.493011,0.290749,0.145529,0.070712
0.50813,0.274142,0.14883,0.0688978
0.49262,0.288935,0.151446,0.0669986
0.507022,0.27764,0.14772,0.0676179
0.505605,0.276364,0.150083,0.0679482
0.504526,0.278388,0.149677,0.0674093
0.507409,0.281186,0.144462,0.0669426
0.528327,0.262264,0.139309,0.0701007
0.529117,0.265864,0.134765,0.0702535
0.531255,0.257052,0.139942,0.0717515
0.517015,0.269559,0.138966,0.0744601
0.522583,0.267084,0.139956,0.0703776
0.525908,0.265859,0.140143,0.0680908
0.516362,0.276036,0.133994,0.073608
0.528761,0.261852,0.136961,0.0724255
0.512624,0.272807,0.140173,0.0743961
0.487125,0.290925,0.147447,0.0745025
0.495429,0.292357,0.137763,0.0744517
0.486781,0.286422,0.153822,0.0729755
0.481454,0.291839,0.151605,0.0751015
0.479805,0.284396,0.159295,0.0765046
0.470861,0.291289,0.159603,0.0782461
0.479116,0.288135,0.152913,0.079836
0.479393,0.282632,0.157035,0.0809403
0.474181,0.296025,0.152347,0.0774476
0.476746,0.296416,0.149364,0.077474
0.467478,0.299781,0.156421,0.0763202
0.473896,0.30464,0.14752,0.0739443
0.467079,0.304314,0.153167,0.0754394
0.456529,0.317308,0.150958,0.0752051
0.460171,0.316639,0.146014,0.0771751
0.456757,0.321276,0.144118,0.0778489
0.460179,0.315195,0.146873,0.077753
0.476961,0.302578,0.142551,0.0779099
0.489291,0.295829,0.137831,0.0770495
0.489799,0.297703,0.134266,0.0782317
0.478044,0.304544,0.137798,0.0796143
0.468826,0.305933,0.139219,0.0860219
0.458684,0.324978,0.132802,0.0835356
0.46559,0.313093,0.137974,0.0833438
0.469417,0.318701,0.133291,0.0785904
0.483221,0.317496,0.119337,0.0799456
0.492536,0.299337,0.125676,0.0824501
0.48016,0.305734,0.13031,0.0837959
0.471766,0.307291,0.137578,0.0833658
0.463333,0.312098,0.136433,0.0881358
0.475408,0.309645,0.123398,0.0915496
0.468244,0.314106,0.128481,0.0891694
0.460675,0.321047,0.13103,0.0872475
0.470867,0.317972,0.13039,0.0807697
0.463115,0.324409,0.131715,0.0807622
0.46656,0.319081,0.13486,0.0794991
0.472156,0.29789,0.148608,0.0813455
0.48057,0.29854,0.133264,0.087626
0.475759,0.304475,0.129619,0.0901473
0.486633,0.292071,0.130643,0.0906534
0.483063,0.305024,0.12529,0.0866225
0.470735,0.308919,0.135936,0.0844103
0.473208,0.307107,0.133711,0.0859737
0.48019,0.298087,0.139475,0.0822478
0.489627,0.291752,0.134118,0.0845024
0.497183,0.2859,0.130209,0.086708
0.477894,0.297645,0.136628,0.0878325
0.481253,0.296387,0.134481,0.0878789
0.480667,0.300013,0.133792,0.085527
0.466277,0.310103,0.140704,0.0829158
0.480784,0.300027,0.137334,0.0818553
0.476183,0.305107,0.138104,0.0806049
0.469665,0.310587,0.135722,0.0840257
0.469143,0.306495,0.139766,0.0845968
0.460808,0.312068,0.143875,0.083249
0.467653,0.295168,0.152661,0.0845184
0.483672,0.290329,0.146111,0.0798879
0.47009,0.300855,0.149785,0.0792695
0.478023,0.299258,0.143733,0.0789863
0.485453,0.301302,0.129653,0.0835923
0.470923,0.30671,0.140226,0.0821401
0.48741,0.29375,0.133235,0.0856052
0.484725,0.302236,0.127821,0.0852174
0.488862,0.295597,0.129945,0.0855962
0.487801,0.295609,0.135137,0.0814532
0.480099,0.296841,0.14026,0.0827993
0.487784,0.295416,0.137121,0.0796802
0.472882,0.305003,0.141344,0.0807715
0.472613,0.30729,0.13978,0.0803178
0.479967,0.299819,0.140345,0.0798681
0.479602,0.296086,0.142471,0.0818405
0.476193,0.296911,0.141458,0.085438
0.477928,0.299621,0.138971,0.0834805
0.468682,0.313037,0.135958,0.0823233
0.469618,0.307588,0.13789,0.0849041
0.475219,0.30312,0.142206,0.0794543
0.463072,0.310233,0.146299,0.0803964
0.456029,0.315352,0.139996,0.0886238
0.474566,0.30655,0.137911,0.0809736
0.470297,0.310742,0.138074,0.0808874
0.475197,0.311654,0.134115,0.0790337
0.467256,0.305523,0.147073,0.0801477
0.479711,0.303299,0.136304,0.0806851
0.469866,0.312163,0.141157,0.0768145
0.472776,0.301755,0.148467,0.0770016
0.450815,0.326837,0.147109,0.0752391
0.453645,0.328512,0.14466,0.073184
0.453583,0.327288,0.14458,0.0745496
0.453061,0.335285,0.142292,0.0693626
0.456267,0.331466,0.142588,0.0696786
0.469215,0.327872,0.133061,0.0698514
0.46216,0.332777,0.133461,0.0716023
0.461125,0.339985,0.123277,0.0756135
0.465463,0.342999,0.113845,0.077694
0.4639,0.340428,0.118757,0.0769147
0.453826,0.359293,0.107985,0.0788954
0.455242,0.356961,0.108272,0.0795247
0.446984,0.367018,0.109781,0.0762173
0.438331,0.377562,0.106326,0.0777806
0.440677,0.373115,0.10548,0.0807286
0.442353,0.374436,0.101916,0.0812948
0.438117,0.371788,0.108791,0.0813031
0.448207,0.367469,0.101304,0.0830197
0.442166,0.371436,0.106776,0.0796209
0.438116,0.373579,0.109708,0.0785975
0.43859,0.378825,0.104194,0.0783909
0.440877,0.377562,0.0958389,0.0857222
0.441611,0.373858,0.100574,0.083957
0.454494,0.349288,0.0999426,0.0962754
0.453632,0.346567,0.0979496,0.101851
0.44588,0.352332,0.0956709,0.106117
0.436465,0.360577,0.0986059,0.104352
0.444231,0.35406,0.0951111,0.106598
0.440095,0.368709,0.0864681,0.104728
0.433429,0.365878,0.0928696,0.107823
0.432788,0.368926,0.0961453,0.102141
0.431425,0.368304,0.0950763,0.105195
0.442291,0.358985,0.0989218,0.0998025
0.455166,0.348459,0.103572,0.0928023
0.457167,0.340424,0.109803,0.0926064
0.451018,0.350678,0.108339,0.0899657
0.447672,0.345779,0.114192,0.0923565
0.458993,0.332033,0.118606,0.0903683
0.459154,0.332389,0.114231,0.0942257
0.4357,0.353634,0.11335,0.097315
0.447518,0.346044,0.105716,0.100722
0.444191,0.352517,0.10255,0.100742
0.450292,0.344287,0.106941,0.0984793
0.447327,0.356008,0.105855,0.090811
0.443516,0.362017,0.108535,0.0859317
0.454594,0.348532,0.101189,0.0956855
0.449255,0.343968,0.111333,0.0954442
0.453016,0.346221,0.108887,0.0918759
0.451677,0.352024,0.109149,0.0871507
0.459876,0.340733,0.10618,0.0932107
0.45295,0.345275,0.110662,0.0911131
0.459605,0.338306,0.113424,0.0886651
0.447899,0.344087,0.122301,0.0857131
0.462698,0.343966,0.110714,0.0826222
0.440615,0.356878,0.121095,0.0814114
0.448825,0.340569,0.122199,0.0884067
0.451648,0.34111,0.124006,0.0832362
0.463247,0.324079,0.128142,0.0845322
0.458485,0.333617,0.12268,0.0852177
0.465846,0.322828,0.124888,0.0864382
0.46474,0.315699,0.130183,0.0893786
0.465686,0.311726,0.133364,0.0892244
0.454003,0.322115,0.137971,0.0859114
0.452568,0.316144,0.142569,0.0887189
0.463042,0.309265,0.136135,0.0915582
0.464191,0.312559,0.134688,0.0885625
0.459819,0.312884,0.144391,0.0829055
0.471842,0.303585,0.144008,0.0805645
0.481977,0.286801,0.145237,0.085985
0.482546,0.287872,0.145519,0.0840627
0.468826,0.289462,0.155892,0.0858208
0.472974,0.292613,0.14882,0.085593
0.463449,0.292015,0.159204,0.0853324
0.463325,0.295777,0.15585,0.0850483
0.462766,0.291519,0.158697,0.0870183
0.47176,0.290291,0.150656,0.0872925
0.4669,0.291833,0.156128,0.0851392
0.462873,0.297408,0.153396,0.0863235
0.47793,0.291624,0.147521,0.0829255
0.466201,0.301512,0.144667,0.0876194
0.451049,0.303657,0.160369,0.0849256
0.460872,0.297647,0.159504,0.0819764
0.452578,0.307694,0.157929,0.0817991
0.444269,0.316191,0.16371,0.0758303
0.446707,0.305085,0.176383,0.0718248
0.461625,0.293468,0.168245,0.0766617
0.447794,0.302593,0.173586,0.0760276
0.457212,0.302918,0.170232,0.0696384
0.466801,0.298565,0.165407,0.0692272
0.473515,0.289303,0.165736,0.071445
0.467301,0.289201,0.169076,0.0744216
0.460758,0.299569,0.164358,0.0753149
0.479726,0.284169,0.158815,0.0772902
0.484196,0.290912,0.149617,0.0752751
0.468175,0.284018,0.171307,0.0765001
0.476758,0.278759,0.167252,0.0772316
0.469643,0.28607,0.168013,0.0762742
0.469251,0.288588,0.167803,0.0743589
0.475505,0.282145,0.16905,0.0733003
0.474079,0.283114,0.167397,0.0754092
0.455745,0.290635,0.177667,0.075954
0.460381,0.290382,0.168925,0.0803123
0.468733,0.281327,0.170192,0.0797486
0.464494,0.283613,0.170462,0.0814309
0.459128,0.281174,0.176903,0.0827945
0.471965,0.276604,0.168328,0.0831025
0.472715,0.27727,0.1711,0.0789156
0.459376,0.283738,0.177063,0.0798227
0.477373,0.272937,0.167561,0.0821289
0.485669,0.273803,0.160691,0.0798366
0.47674,0.280608,0.162433,0.0802186
0.487616,0.273625,0.156811,0.0819477
0.484698,0.273989,0.159961,0.081352
0.476945,0.280085,0.163247,0.0797222
0.467359,0.286637,0.167187,0.0788171
0.481468,0.277112,0.159145,0.082274
0.497903,0.271599,0.149803,0.0806944
0.483297,0.277606,0.158597,0.0804997
0.496608,0.277505,0.147012,0.0788747
0.503995,0.272931,0.142953,0.0801205
0.507613,0.26111,0.147202,0.0840745
0.504938,0.272214,0.146746,0.0761021
0.503509,0.271533,0.14736,0.077598
0.502968,0.268123,0.150577,0.0783318
0.492504,0.277695,0.152595,0.0772053
0.49932,0.269161,0.15242,0.0790991
0.489366,0.281497,0.154542,0.0745952
0.478679,0.292739,0.153078,0.0755033
0.489476,0.28732,0.150499,0.0727046
0.493664,0.289646,0.143994,0.0726962
0.491974,0.284167,0.151757,0.0721015
0.506239,0.281073,0.138975,0.0737132
0.502224,0.286891,0.133442,0.0774429
0.502771,0.285986,0.138353,0.0728904
0.49857,0.286088,0.142109,0.0732331
0.491836,0.285933,0.15407,0.0681613
0.495438,0.298259,0.138857,0.0674461
0.498001,0.2874,0.144367,0.0702327
0.493159,0.290609,0.148621,0.0676105
0.493216,0.298763,0.136923,0.0710984
0.486366,0.311889,0.131254,0.0704917
0.497199,0.293916,0.140228,0.0686572
0.498364,0.295261,0.132871,0.0735039
0.506518,0.289645,0.133483,0.0703532
0.494653,0.307191,0.128401,0.0697554
0.496038,0.306775,0.129619,0.0675678
0.480162,0.316354,0.130665,0.0728192
0.489327,0.303146,0.134448,0.0730791
0.475083,0.317898,0.134551,0.0724678
0.47937,0.315708,0.131871,0.0730505
0.479858,0.319436,0.130142,0.0705641
0.483537,0.314065,0.131697,0.0707013
0.482336,0.313594,0.133097,0.0709733
0.485502,0.317356,0.128533,0.0686089
0.476436,0.329241,0.124688,0.0696352
0.474466,0.323131,0.13359,0.0688127
0.477799,0.323997,0.1257,0.0725039
0.476636,0.325366,0.124936,0.0730621
0.487177,0.320296,0.116112,0.0764151
0.487669,0.318945,0.117081,0.0763045
0.485002,0.317064,0.121092,0.0768417
0.490212,0.315512,0.117868,0.0764085
0.474666,0.320266,0.127312,0.0777555
0.478356,0.320419,0.126948,0.0742763
0.475071,0.328205,0.124047,0.0726763
0.491521,0.313111,0.120998,0.0743695
0.477999,0.320812,0.127289,0.0738999
0.471278,0.334185,0.124668,0.0698695
0.47999,0.32142,0.125138,0.073451
0.489672,0.320136,0.118019,0.0721732
0.480859,0.325982,0.121078,0.0720805
0.481263,0.323164,0.120852,0.0747197
0.490266,0.310499,0.12142,0.0778156
0.489451,0.316536,0.117548,0.0764644
0.483581,0.321956,0.11883,0.0756334
0.485671,0.315474,0.125207,0.073649
0.486149,0.314363,0.124334,0.0751533
0.487124,0.316508,0.121416,0.0749526
0.490482,0.309896,0.128126,0.0714964
0.499824,0.31009,0.120837,0.0692484
0.490637,0.319264,0.119057,0.0710423
0.493509,0.317622,0.120048,0.0688216
0.472429,0.333225,0.124414,0.0699318
0.495984,0.318353,0.118259,0.0674033
0.492145,0.320682,0.116346,0.0708265
0.497796,0.318347,0.115731,0.0681258
0.506849,0.304876,0.117018,0.0712566
0.487214,0.320084,0.117481,0.0752206
0.489314,0.306723,0.125866,0.078097
0.48656,0.311371,0.125349,0.0767204
0.503754,0.291802,0.126242,0.0782022
0.500989,0.292622,0.128022,0.0783668
0.495457,0.298209,0.124292,0.0820425
0.495697,0.302178,0.125067,0.0770583
0.497877,0.296866,0.124577,0.0806804
0.501486,0.287927,0.130666,0.0799208
0.502605,0.281655,0.134396,0.0813441
0.510022,0.278918,0.128328,0.0827329
0.497216,0.284143,0.136691,0.0819496
0.501476,0.27872,0.135762,0.0840425
0.490112,0.287429,0.137027,0.0854329
0.487913,0.287852,0.142505,0.0817301
0.489529,0.283646,0.141622,0.0852033
0.48341,0.28446,0.147144,0.0849864
0.488664,0.28179,0.142664,0.0868812
0.481044,0.289591,0.142506,0.0868594
0.48338,0.284706,0.149883,0.082031
0.49081,0.281601,0.145039,0.0825498
0.493813,0.284045,0.137608,0.0845342
0.488987,0.289448,0.136345,0.0852195
0.493154,0.285058,0.138194,0.0835946
0.487686,0.290032,0.141628,0.0806541
0.473413,0.306292,0.140976,0.0793184
0.500279,0.277579,0.142849,0.0792928
0.495433,0.286852,0.139201,0.0785143
0.500024,0.281248,0.142637,0.0760903
0.493984,0.286287,0.14277,0.0769595
0.500151,0.277871,0.143493,0.0784852
0.506495,0.272078,0.144072,0.0773557
0.50283,0.284848,0.137347,0.0749743
0.516415,0.270698,0.137657,0.0752303
0.511758,0.273931,0.136125,0.0781857
0.506157,0.281884,0.134972,0.0769876
0.492737,0.298698,0.133559,0.0750065
0.495415,0.29711,0.130616,0.0768596
0.500533,0.299318,0.127183,0.0729662
0.511615,0.282609,0.130919,0.0748578
0.5043,0.289678,0.131879,0.0741431
0.497264,0.290745,0.138099,0.0738928
0.487821,0.305596,0.134934,0.0716491
0.477514,0.311151,0.138497,0.0728384
0.474772,0.314887,0.13854,0.0718015
0.475082,0.310433,0.137711,0.0767741
0.479942,0.3127,0.135769,0.0715882
0.462158,0.329922,0.135147,0.072773
0.468564,0.324676,0.135906,0.0708538
0.458916,0.331558,0.139424,0.0701025
0.446449,0.341985,0.141363,0.070203
0.456761,0.33013,0.136027,0.0770822
0.45509,0.335339,0.137035,0.0725364
0.460303,0.327841,0.137772,0.0740843
0.46966,0.324272,0.132625,0.0734434
0.453808,0.335769,0.136657,0.0737662
0.45977,0.323664,0.142204,0.0743617
0.461669,0.32802,0.131433,0.0788779
0.452907,0.336112,0.136036,0.0749448
0.450416,0.344922,0.131975,0.0726872
0.464149,0.335371,0.125476,0.075004
0.456581,0.339829,0.130617,0.0729736
0.448627,0.342176,0.134748,0.0744486
0.436781,0.349727,0.140142,0.0733498
0.435403,0.353748,0.137742,0.0731066
0.446878,0.349695,0.130389,0.0730383
0.421624,0.368454,0.135286,0.0746362
0.441587,0.356128,0.125297,0.0769882
0.409182,0.392255,0.122001,0.0765617
0.413676,0.389167,0.125063,0.0720931
0.416983,0.386841,0.123174,0.0730025
0.411089,0.396114,0.120128,0.0726687
0.418754,0.386609,0.123773,0.070865
0.435171,0.37043,0.117589,0.0768102
0.44194,0.373106,0.107863,0.077091
0.445097,0.372839,0.102946,0.0791177
0.424435,0.396893,0.0960575,0.0826142
0.426912,0.39681,0.0938127,0.0824654
0.420923,0.406068,0.0893144,0.0836953
0.446815,0.375994,0.0963774,0.0808131
0.445067,0.374781,0.102497,0.0776549
0.470299,0.349754,0.104692,0.0752545
0.464766,0.359693,0.0994435,0.0760966
0.466736,0.355135,0.102163,0.0759657
0.47345,0.353567,0.0962757,0.0767071
0.440994,0.380614,0.097925,0.0804673
0.442998,0.376697,0.0997985,0.0805073
0.450604,0.368581,0.0999304,0.0808844
0.445412,0.368196,0.100649,0.0857431
0.463348,0.347906,0.109011,0.0797356
0.455272,0.345764,0.10789,0.0910751
0.459556,0.344017,0.113635,0.0827919
0.463487,0.342008,0.10618,0.0883248
0.463296,0.345105,0.108774,0.0828246
0.464931,0.334484,0.118123,0.0824622
0.468591,0.320521,0.127538,0.0833497
0.467228,0.326886,0.119366,0.0865206
0.45821,0.331827,0.126058,0.0839053
0.448059,0.330072,0.134309,0.0875605
0.455523,0.326019,0.13736,0.0810987
0.44798,0.328392,0.136563,0.0870647
0.458675,0.322317,0.134771,0.0842368
0.461401,0.314406,0.137736,0.0864562
0.455583,0.317927,0.140016,0.086475
0.459173,0.32117,0.133691,0.0859658
0.441015,0.332165,0.135455,0.0913646
0.455934,0.312102,0.141482,0.0904823
0.451652,0.306146,0.151689,0.0905136
0.457831,0.304326,0.140851,0.096992
0.470264,0.290679,0.149081,0.0899755
0.464209,0.306398,0.141149,0.0882447
0.469812,0.298785,0.142365,0.0890373
0.466276,0.307229,0.139397,0.0870983
0.467975,0.297725,0.141054,0.0932457
0.455439,0.313424,0.136068,0.0950695
0.457971,0.306456,0.138858,0.0967147
0.474152,0.293975,0.140768,0.0911048
0.464481,0.289458,0.152263,0.0937983
0.474776,0.279796,0.152028,0.0934
0.459916,0.294068,0.153505,0.0925112
0.454493,0.29967,0.152932,0.0929045
0.452908,0.299853,0.160265,0.0869735
0.451031,0.304033,0.157526,0.08741
0.43906,0.300561,0.172915,0.0874643
0.45544,0.291329,0.16153,0.0917014
0.446631,0.296654,0.166597,0.090118
0.455528,0.290599,0.165887,0.0879861
0.451431,0.288198,0.173061,0.0873098
0.447528,0.28646,0.170598,0.0954137
0.446941,0.286055,0.175189,0.0918146
0.443865,0.2869,0.176659,0.092576
0.445121,0.288953,0.17416,0.0917661
0.438961,0.286994,0.184981,0.0890641
0.413269,0.284564,0.217806,0.0843606
0.405618,0.289203,0.222701,0.0824776
0.390674,0.295233,0.228569,0.0855243
0.418537,0.286146,0.208243,0.0870747
0.420475,0.294297,0.199981,0.0852468
0.408148,0.303276,0.201672,0.0869044
0.413334,0.312346,0.189794,0.0845256
0.40093,0.314181,0.197791,0.0870977
0.404537,0.312635,0.195477,0.0873506
0.401345,0.317482,0.195176,0.085997
0.392813,0.327576,0.189849,0.089762
0.392132,0.328723,0.19068,0.0884641
0.375464,0.349676,0.187966,0.0868937
0.37754,0.352644,0.183197,0.0866193
0.381715,0.35436,0.177793,0.0861325
0.379804,0.354734,0.179026,0.0864348
0.390516,0.349441,0.177716,0.0823276
0.393941,0.350754,0.160544,0.0947611
0.40107,0.343524,0.159138,0.0962676
0.421791,0.331314,0.13971,0.107185
0.424446,0.324925,0.141677,0.108952
0.435409,0.315479,0.138269,0.110843
0.430852,0.329259,0.135167,0.104722
0.432884,0.327798,0.138412,0.100907
0.443679,0.308812,0.151478,0.0960312
0.443771,0.303667,0.15115,0.101412
0.457325,0.297859,0.148034,0.0967819
0.446767,0.302212,0.159232,0.0917882
0.456941,0.300186,0.153423,0.0894492
0.448414,0.306704,0.154946,0.0899357
0.438697,0.321631,0.151139,0.0885337
0.464244,0.293337,0.145716,0.0967032
0.450099,0.317949,0.142525,0.0894268
0.468344,0.306504,0.137635,0.0875173
0.463733,0.298068,0.145404,0.0927947
0.45858,0.295147,0.15874,0.0875332
0.446957,0.292192,0.170449,0.0904024
0.44182,0.299577,0.172416,0.0861869
0.430499,0.308281,0.176857,0.0843632
0.419502,0.325074,0.174,0.0814238
0.421712,0.319882,0.178536,0.0798705
0.420879,0.316906,0.185816,0.0763992
0.419715,0.329525,0.172935,0.0778251
0.428172,0.322025,0.17163,0.0781732
0.419367,0.336691,0.167507,0.0764351
0.430977,0.330066,0.166759,0.0721978
0.420285,0.325027,0.179703,0.0749851
0.418353,0.324779,0.187106,0.0697619
0.421706,0.315268,0.189724,0.0733022
0.440395,0.30694,0.179362,0.0733037
0.442117,0.309987,0.178501,0.069395
0.439045,0.317048,0.174785,0.0691223
0.428722,0.33235,0.169799,0.0691291
0.428398,0.323024,0.178151,0.0704271
0.430424,0.320968,0.176612,0.0719967
0.424963,0.325682,0.178286,0.0710688
0.438627,0.306523,0.184434,0.0704154
0.440989,0.306947,0.179225,0.0728394
0.43589,0.316384,0.174118,0.073608
0.426969,0.339292,0.160649,0.0730896
0.449584,0.320696,0.156923,0.0727968
0.443876,0.324844,0.161744,0.0695357
0.459951,0.303622,0.167267,0.069161
0.473357,0.284072,0.167489,0.0750819
0.481115,0.276825,0.167573,0.0744868
0.471167,0.285753,0.169675,0.0734052
0.449585,0.300947,0.175316,0.0741521
0.458972,0.294363,0.177195,0.0694696
0.470722,0.281183,0.175496,0.0725995
0.480339,0.271965,0.179496,0.0681991
0.480439,0.272676,0.17971,0.0671746
0.502029,0.253937,0.172808,0.0712265
0.493341,0.261715,0.175467,0.0694777
0.480071,0.262646,0.18489,0.0723931
0.480688,0.263508,0.183237,0.0725668
0.485809,0.269395,0.175074,0.0697221
0.491388,0.267186,0.176456,0.0649698
0.47383,0.278079,0.186457,0.0616333
0.46685,0.284341,0.189266,0.0595429
0.463348,0.28531,0.193817,0.0575246
0.457005,0.290887,0.195287,0.0568215
0.457429,0.282464,0.20292,0.0571864
0.466827,0.275334,0.200319,0.0575197
0.458727,0.288488,0.194897,0.057888
0.46986,0.279844,0.188416,0.0618803
0.476825,0.280346,0.181941,0.0608881
0.470481,0.269465,0.19546,0.0645945
0.459577,0.283595,0.19175,0.0650778
0.455831,0.285797,0.193058,0.0653139
0.448914,0.290653,0.192938,0.067495
0.450082,0.296535,0.187793,0.06559
0.459388,0.282516,0.192044,0.0660523
0.463805,0.281123,0.18797,0.067101
0.459351,0.295322,0.178382,0.0669444
0.464688,0.290759,0.177885,0.0666674
0.467514,0.299049,0.168284,0.0651521
0.468613,0.303254,0.163714,0.0644188
0.473072,0.301202,0.159671,0.0660548
0.477786,0.297337,0.157208,0.0676692
0.478509,0.300129,0.155207,0.0661554
0.489245,0.291884,0.152997,0.065874
0.477285,0.292847,0.165708,0.0641608
0.456645,0.313336,0.166472,0.0635473
0.464266,0.309931,0.162545,0.0632578
0.464456,0.319108,0.15113,0.0653061
0.463632,0.320563,0.150352,0.0654528
0.46252,0.334939,0.135333,0.0672083
0.476182,0.319006,0.137789,0.0670228
0.468972,0.319355,0.144802,0.0668717
0.45862,0.333196,0.142145,0.0660392
0.464107,0.332617,0.139228,0.0640477
0.475114,0.318094,0.141954,0.0648376
0.474075,0.326634,0.133826,0.065464
0.478643,0.324568,0.128501,0.0682879
0.476889,0.323266,0.131107,0.0687376
0.486084,0.326201,0.117849,0.0698655
0.490897,0.325958,0.113305,0.0698393
0.479827,0.332022,0.121016,0.0671353
0.48488,0.329174,0.11853,0.0674159
0.483443,0.329601,0.119909,0.067047
0.471383,0.338934,0.121528,0.0681546
0.48038,0.32809,0.124223,0.0673071
0.479864,0.332902,0.120183,0.0670506
0.478237,0.33256,0.12092,0.0682832
0.494514,0.315834,0.118369,0.071284
0.489109,0.325927,0.111502,0.0734613
0.481469,0.321777,0.124079,0.0726754
0.483496,0.322335,0.12111,0.0730587
0.47657,0.325341,0.121254,0.0768348
0.473282,0.329648,0.118188,0.0788819
0.468703,0.333526,0.119525,0.0782458
0.483259,0.319337,0.12624,0.0711648
0.480079,0.329773,0.119956,0.0701917
0.477168,0.320927,0.130052,0.0718535
0.473577,0.316922,0.138713,0.070788
0.481262,0.306963,0.138946,0.0728298
0.472476,0.312472,0.139228,0.0758234
0.47783,0.305836,0.139161,0.077172
0.475472,0.308046,0.135444,0.0810383
0.473943,0.319136,0.127022,0.0798981
0.469901,0.321758,0.129365,0.0789756
0.448705,0.348181,0.128046,0.0750678
0.469376,0.331313,0.121117,0.0781939
0.461843,0.328394,0.132438,0.0773248
0.446613,0.336325,0.139969,0.0770928
0.451797,0.335878,0.13445,0.0778756
0.46235,0.327607,0.126145,0.0838983
0.442525,0.346861,0.129369,0.0812444
0.449445,0.340111,0.12917,0.0812732
0.469363,0.328956,0.121385,0.0802952
0.458937,0.33696,0.122891,0.0812118
0.464589,0.330478,0.122135,0.0827988
0.467927,0.325914,0.123679,0.0824802
0.464639,0.322938,0.125894,0.0865295
0.463499,0.319964,0.132162,0.0843752
0.467174,0.318886,0.128733,0.0852081
0.472089,0.311965,0.133305,0.0826399
0.468374,0.31244,0.134091,0.0850951
0.456766,0.320182,0.139333,0.0837186
0.44932,0.32563,0.142931,0.0821182
0.465343,0.308863,0.136618,0.0891753
0.459334,0.327809,0.12705,0.0858075
0.455655,0.326144,0.133736,0.0844644
0.450039,0.328016,0.138061,0.0838846
0.453403,0.321526,0.134322,0.0907486
0.465879,0.31864,0.129254,0.0862265
0.44998,0.337623,0.126892,0.0855042
0.443748,0.349038,0.11889,0.0883239
0.450056,0.340214,0.115664,0.0940652
0.438386,0.345861,0.118205,0.0975477
0.429105,0.359769,0.121472,0.0896546
0.434695,0.349264,0.120635,0.0954056
0.420435,0.359338,0.122709,0.0975168
0.418433,0.366003,0.123955,0.0916094
0.425239,0.362586,0.125313,0.0868623
0.427131,0.357611,0.131145,0.0841127
0.42982,0.357141,0.12861,0.0844286
0.415625,0.374678,0.122664,0.0870336
0.416587,0.370419,0.123596,0.0893975
0.424963,0.355315,0.126229,0.0934924
0.417992,0.365347,0.128516,0.0881451
0.424513,0.357244,0.127912,0.0903312
0.421018,0.356262,0.129279,0.0934411
0.420484,0.3508,0.129375,0.0993413
0.424137,0.354037,0.129219,0.0926071
0.426876,0.356002,0.116215,0.100907
0.420621,0.369299,0.109586,0.100494
0.416537,0.373429,0.101655,0.10838
0.426183,0.362613,0.11054,0.100664
0.414743,0.3767,0.110363,0.0981937
0.421105,0.36378,0.103807,0.111308
0.424912,0.353983,0.112523,0.108581
0.415504,0.360943,0.115075,0.108477
0.42181,0.357994,0.109266,0.110931
0.4181,0.363513,0.107741,0.110646
0.414378,0.371424,0.108398,0.1058
0.41413,0.369044,0.111794,0.105033
0.41179,0.372893,0.112888,0.102429
0.414453,0.366114,0.121319,0.0981134
0.41872,0.35977,0.120583,0.100927
0.418605,0.351425,0.120066,0.109904
0.412627,0.359827,0.116116,0.11143
0.400149,0.373698,0.114901,0.111253
0.403558,0.381875,0.110238,0.104329
0.398517,0.385403,0.111968,0.104112
0.397709,0.38791,0.11608,0.0983004
0.399829,0.389584,0.115215,0.0953717
0.398886,0.389121,0.11057,0.101423
0.406617,0.379889,0.109442,0.104052
0.415188,0.365041,0.111926,0.107845
0.41457,0.37786,0.101073,0.106497
0.411488,0.382365,0.102948,0.103199
0.419599,0.378479,0.106627,0.0952953
0.417152,0.376653,0.113534,0.0926615
0.422002,0.363928,0.118025,0.0960461
0.421735,0.359538,0.118632,0.100096
0.43316,0.354971,0.117809,0.0940603
0.436825,0.337649,0.126553,0.0989728
0.439284,0.32937,0.134714,0.0966325
0.431869,0.341534,0.133639,0.0929584
0.437887,0.340208,0.134959,0.0869457
0.431884,0.341749,0.134043,0.0923229
0.442854,0.332744,0.120255,0.104147
0.446004,0.327768,0.119399,0.106829
0.441187,0.321785,0.130822,0.106206
0.438635,0.327919,0.132164,0.101282
0.454005,0.30994,0.128467,0.107587
0.426784,0.325953,0.148467,0.0987963
0.425121,0.332257,0.143277,0.0993453
0.445129,0.317077,0.136588,0.101206
0.433953,0.324714,0.143772,0.0975602
0.42878,0.317997,0.152423,0.100799
0.440733,0.31487,0.139102,0.105294
0.436705,0.313432,0.14347,0.106393
0.41755,0.322637,0.152513,0.1073
0.438639,0.312208,0.141102,0.108052
0.436075,0.309239,0.14696,0.107726
0.430618,0.305156,0.159489,0.104737
0.431485,0.310239,0.152388,0.105888
0.441432,0.308655,0.142262,0.107652
0.430346,0.309766,0.150952,0.108936
0.41494,0.312201,0.165717,0.107142
0.422062,0.314656,0.161787,0.101495
0.430907,0.31546,0.151233,0.102401
0.423337,0.314358,0.159927,0.102378
0.433205,0.315256,0.152277,0.0992625
0.434139,0.318589,0.149151,0.0981209
0.430289,0.316903,0.157476,0.0953326
0.435926,0.315684,0.152828,0.095562
0.437134,0.319825,0.151726,0.0913146
0.441076,0.321734,0.141662,0.0955281
0.441109,0.318044,0.146459,0.0943877
0.440094,0.321718,0.142513,0.0956754
0.450187,0.313985,0.1394,0.0964281
0.445942,0.317147,0.14251,0.0943997
0.445563,0.322652,0.139747,0.0920377
0.4532,0.32068,0.135734,0.0903862
0.460377,0.304999,0.143895,0.0907292
0.460539,0.313514,0.137718,0.0882289
0.457422,0.317045,0.133418,0.0921147
0.456227,0.31619,0.13784,0.0897437
0.466003,0.301261,0.143847,0.0888893
0.476985,0.29713,0.129413,0.0964716
0.477621,0.302238,0.125457,0.094684
0.473039,0.309625,0.123664,0.0936715
0.468596,0.316551,0.119966,0.0948873
0.467869,0.314108,0.125113,0.0929087
0.456897,0.317812,0.139327,0.0859638
0.451348,0.319872,0.147701,0.0810788
0.44757,0.321405,0.142139,0.0888863
0.454229,0.323641,0.136424,0.0857058
0.466489,0.311914,0.138,0.0835968
0.472037,0.301556,0.137544,0.0888635
0.460648,0.324054,0.127061,0.0882374
0.45685,0.322544,0.133388,0.0872189
0.463978,0.318869,0.132632,0.0845215
0.462289,0.323513,0.128746,0.0854515
0.470359,0.322108,0.124758,0.0827744
0.4714,0.319265,0.121579,0.0877555
0.472766,0.3216,0.116426,0.0892075
0.470832,0.318675,0.126548,0.0839452
0.466117,0.323893,0.128908,0.0810819
0.481209,0.311743,0.130918,0.0761297
0.474428,0.321622,0.123531,0.0804189
0.482571,0.310671,0.120889,0.0858677
0.478093,0.310949,0.126728,0.08423
0.487123,0.304916,0.121638,0.0863234
0.472823,0.322504,0.121554,0.0831183
0.474846,0.315146,0.126544,0.083463
0.470044,0.324533,0.122491,0.0829316
0.489865,0.320377,0.108987,0.0807712
0.478096,0.323154,0.118231,0.0805193
0.476907,0.327465,0.115621,0.080007
0.485228,0.323092,0.108431,0.083249
0.474016,0.323375,0.116303,0.0863052
0.465118,0.32741,0.122433,0.0850383
0.478141,0.319905,0.12166,0.080295
0.463664,0.334614,0.124887,0.0768347
0.472529,0.320899,0.125243,0.0813297
0.472858,0.324399,0.121659,0.0810832
